 &plot nbnd=  22, nks=   403 /
            0.000000  0.000000  0.000000
  -17.055  -17.048  -17.048  -17.021  -17.021  -16.844  -16.837  -16.837  -16.832  -16.832
   -4.624    7.178    7.689    7.697    7.697   10.216   10.221   10.221   13.986   16.975
   16.975   18.365
            0.012500  0.000000  0.012500
  -17.055  -17.048  -17.048  -17.021  -17.020  -16.844  -16.838  -16.837  -16.831  -16.831
   -4.621    7.087    7.682    7.695    7.771   10.222   10.224   10.236   14.001   16.936
   16.964   18.367
            0.025000  0.000000  0.025000
  -17.055  -17.049  -17.048  -17.020  -17.020  -16.845  -16.840  -16.837  -16.831  -16.829
   -4.614    6.895    7.645    7.690    7.929   10.232   10.234   10.282   14.043   16.832
   16.929   18.368
            0.037500  0.000000  0.037500
  -17.056  -17.050  -17.049  -17.020  -17.019  -16.845  -16.842  -16.837  -16.831  -16.827
   -4.601    6.670    7.586    7.681    8.097   10.247   10.254   10.359   14.113   16.689
   16.874   18.370
            0.050000  0.000000  0.050000
  -17.056  -17.051  -17.049  -17.019  -17.017  -16.846  -16.844  -16.837  -16.831  -16.826
   -4.584    6.431    7.506    7.669    8.255   10.266   10.281   10.467   14.208   16.528
   16.801   18.376
            0.062500  0.000000  0.062500
  -17.056  -17.052  -17.049  -17.018  -17.016  -16.847  -16.846  -16.837  -16.830  -16.824
   -4.562    6.185    7.407    7.653    8.398   10.292   10.316   10.603   14.326   16.361
   16.714   18.387
            0.075000  0.000000  0.075000
  -17.056  -17.054  -17.050  -17.016  -17.014  -16.849  -16.848  -16.836  -16.830  -16.822
   -4.534    5.937    7.292    7.633    8.525   10.323   10.356   10.765   14.465   16.195
   16.619   18.406
            0.087500  0.000000  0.087500
  -17.057  -17.055  -17.050  -17.015  -17.011  -16.851  -16.850  -16.835  -16.830  -16.820
   -4.502    5.687    7.164    7.610    8.636   10.359   10.403   10.946   14.621   16.035
   16.520   18.432
            0.100000  0.000000  0.100000
  -17.057  -17.057  -17.050  -17.013  -17.009  -16.854  -16.851  -16.835  -16.830  -16.818
   -4.465    5.438    7.025    7.582    8.733   10.401   10.455   11.142   14.792   15.881
   16.423   18.466
            0.112500  0.000000  0.112500
  -17.058  -17.058  -17.051  -17.012  -17.007  -16.856  -16.853  -16.834  -16.830  -16.816
   -4.423    5.190    6.877    7.551    8.820   10.449   10.513   11.347   14.976   15.738
   16.333   18.508
            0.125000  0.000000  0.125000
  -17.060  -17.059  -17.051  -17.010  -17.004  -16.858  -16.854  -16.833  -16.830  -16.815
   -4.377    4.944    6.722    7.515    8.897   10.502   10.576   11.555   15.168   15.604
   16.255   18.558
            0.137500  0.000000  0.137500
  -17.061  -17.059  -17.050  -17.009  -17.002  -16.861  -16.856  -16.833  -16.829  -16.813
   -4.325    4.701    6.563    7.476    8.969   10.561   10.645   11.758   15.366   15.482
   16.196   18.616
            0.150000  0.000000  0.150000
  -17.063  -17.060  -17.049  -17.007  -16.999  -16.863  -16.857  -16.834  -16.828  -16.811
   -4.269    4.461    6.400    7.432    9.035   10.625   10.719   11.951   15.372   15.568
   16.160   18.681
            0.162500  0.000000  0.162500
  -17.064  -17.062  -17.048  -17.005  -16.997  -16.866  -16.859  -16.835  -16.826  -16.810
   -4.208    4.225    6.236    7.384    9.097   10.695   10.798   12.128   15.274   15.771
   16.155   18.755
            0.175000  0.000000  0.175000
  -17.065  -17.063  -17.047  -17.004  -16.994  -16.868  -16.860  -16.836  -16.825  -16.808
   -4.143    3.992    6.070    7.332    9.156   10.771   10.883   12.282   15.188   15.973
   16.184   18.837
            0.187500  0.000000  0.187500
  -17.067  -17.065  -17.046  -17.002  -16.992  -16.871  -16.862  -16.838  -16.823  -16.807
   -4.074    3.764    5.904    7.276    9.212   10.851   10.974   12.411   15.116   16.171
   16.251   18.926
            0.200000  0.000000  0.200000
  -17.068  -17.066  -17.044  -17.001  -16.989  -16.873  -16.863  -16.840  -16.821  -16.806
   -4.000    3.540    5.740    7.216    9.265   10.937   11.069   12.513   15.056   16.356
   16.365   19.025
            0.212500  0.000000  0.212500
  -17.069  -17.068  -17.042  -16.999  -16.986  -16.875  -16.864  -16.842  -16.819  -16.804
   -3.921    3.320    5.577    7.152    9.316   11.029   11.171   12.587   15.009   16.504
   16.548   19.132
            0.225000  0.000000  0.225000
  -17.070  -17.070  -17.040  -16.998  -16.984  -16.878  -16.866  -16.844  -16.816  -16.803
   -3.839    3.106    5.417    7.084    9.363   11.126   11.277   12.637   14.976   16.686
   16.723   19.249
            0.237500  0.000000  0.237500
  -17.071  -17.071  -17.038  -16.996  -16.981  -16.880  -16.867  -16.847  -16.814  -16.802
   -3.753    2.896    5.261    7.013    9.407   11.228   11.389   12.668   14.955   16.883
   16.900   19.377
            0.250000  0.000000  0.250000
  -17.073  -17.072  -17.036  -16.995  -16.979  -16.882  -16.868  -16.850  -16.812  -16.801
   -3.663    2.691    5.108    6.939    9.446   11.335   11.507   12.685   14.946   17.030
   17.138   19.516
            0.262500  0.000000  0.262500
  -17.075  -17.073  -17.033  -16.993  -16.976  -16.884  -16.869  -16.853  -16.810  -16.800
   -3.569    2.491    4.959    6.862    9.480   11.448   11.630   12.692   14.950   17.156
   17.395   19.668
            0.275000  0.000000  0.275000
  -17.077  -17.074  -17.030  -16.992  -16.974  -16.887  -16.870  -16.856  -16.807  -16.799
   -3.472    2.297    4.815    6.783    9.509   11.566   11.758   12.696   14.967   17.257
   17.664   19.835
            0.287500  0.000000  0.287500
  -17.079  -17.075  -17.027  -16.991  -16.971  -16.889  -16.871  -16.859  -16.805  -16.798
   -3.372    2.107    4.676    6.702    9.530   11.689   11.891   12.700   14.995   17.324
   17.940   20.017
            0.300000  0.000000  0.300000
  -17.081  -17.075  -17.025  -16.989  -16.969  -16.891  -16.873  -16.862  -16.803  -16.797
   -3.269    1.923    4.544    6.619    9.545   11.817   12.030   12.708   15.035   17.345
   18.217   20.218
            0.312500  0.000000  0.312500
  -17.083  -17.076  -17.022  -16.988  -16.966  -16.893  -16.874  -16.865  -16.801  -16.797
   -3.163    1.745    4.417    6.534    9.552   11.950   12.173   12.723   15.087   17.309
   18.489   20.309
            0.325000  0.000000  0.325000
  -17.084  -17.076  -17.019  -16.986  -16.964  -16.895  -16.876  -16.868  -16.799  -16.796
   -3.055    1.571    4.297    6.449    9.551   12.087   12.321   12.748   15.149   17.205
   18.753   20.147
            0.337500  0.000000  0.337500
  -17.086  -17.077  -17.016  -16.984  -16.961  -16.897  -16.879  -16.870  -16.797  -16.795
   -2.945    1.404    4.184    6.363    9.541   12.230   12.474   12.783   15.222   17.031
   19.006   20.057
            0.350000  0.000000  0.350000
  -17.088  -17.077  -17.014  -16.982  -16.959  -16.899  -16.884  -16.871  -16.795  -16.795
   -2.833    1.241    4.079    6.277    9.524   12.377   12.630   12.830   15.305   16.795
   19.245   20.034
            0.362500  0.000000  0.362500
  -17.089  -17.078  -17.011  -16.980  -16.957  -16.900  -16.888  -16.872  -16.794  -16.793
   -2.720    1.085    3.982    6.191    9.500   12.529   12.789   12.889   15.399   16.511
   19.470   20.066
            0.375000  0.000000  0.375000
  -17.091  -17.078  -17.009  -16.977  -16.955  -16.902  -16.893  -16.872  -16.794  -16.791
   -2.606    0.934    3.894    6.106    9.468   12.685   12.950   12.961   15.502   16.195
   19.682   20.141
            0.387500  0.000000  0.387500
  -17.092  -17.078  -17.007  -16.973  -16.953  -16.904  -16.898  -16.873  -16.793  -16.789
   -2.493    0.788    3.815    6.021    9.431   12.846   13.045   13.111   15.614   15.861
   19.881   20.247
            0.400000  0.000000  0.400000
  -17.093  -17.078  -17.006  -16.970  -16.951  -16.905  -16.903  -16.873  -16.793  -16.788
   -2.379    0.649    3.745    5.938    9.388   13.011   13.140   13.267   15.521   15.736
   20.066   20.377
            0.412500  0.000000  0.412500
  -17.095  -17.079  -17.004  -16.966  -16.949  -16.908  -16.907  -16.873  -16.793  -16.787
   -2.267    0.515    3.686    5.856    9.342   13.180   13.247   13.409   15.192   15.866
   20.238   20.524
            0.425000  0.000000  0.425000
  -17.095  -17.079  -17.004  -16.961  -16.947  -16.913  -16.909  -16.873  -16.792  -16.786
   -2.156    0.386    3.637    5.775    9.292   13.353   13.364   13.516   14.899   16.005
   20.395   20.684
            0.437500  0.000000  0.437500
  -17.096  -17.079  -17.003  -16.957  -16.945  -16.919  -16.910  -16.873  -16.792  -16.785
   -2.048    0.264    3.600    5.697    9.240   13.491   13.529   13.543   14.689   16.152
   20.533   20.855
            0.450000  0.000000  0.450000
  -17.097  -17.079  -17.002  -16.952  -16.943  -16.924  -16.911  -16.874  -16.792  -16.784
   -1.942    0.147    3.574    5.621    9.186   13.433   13.628   13.709   14.622   16.307
   20.647   21.033
            0.462500  0.000000  0.462500
  -17.097  -17.079  -17.002  -16.947  -16.941  -16.930  -16.913  -16.874  -16.792  -16.783
   -1.840    0.036    3.561    5.548    9.132   13.198   13.772   13.892   14.688   16.470
   20.733   21.217
            0.475000  0.000000  0.475000
  -17.097  -17.079  -17.002  -16.942  -16.939  -16.935  -16.914  -16.874  -16.792  -16.783
   -1.743   -0.069    3.561    5.477    9.078   12.896   13.924   14.077   14.830   16.640
   20.783   21.405
            0.487500  0.000000  0.487500
  -17.097  -17.079  -17.002  -16.941  -16.937  -16.937  -16.915  -16.873  -16.791  -16.783
   -1.650   -0.169    3.573    5.410    9.024   12.566   14.084   14.265   15.010   16.817
   20.794   21.595
            0.500000  0.000000  0.500000
  -17.097  -17.079  -17.002  -16.947  -16.936  -16.932  -16.916  -16.873  -16.792  -16.783
   -1.563   -0.262    3.599    5.345    8.971   12.226   14.249   14.455   15.211   17.001
   20.765   21.782
            0.500000  0.006250  0.506250
  -17.097  -17.079  -17.002  -16.948  -16.936  -16.931  -16.916  -16.874  -16.792  -16.783
   -1.543   -0.284    3.609    5.329    8.960   12.141   14.283   14.497   15.276   17.052
   20.748   21.817
            0.500000  0.012500  0.512500
  -17.097  -17.079  -17.002  -16.949  -16.936  -16.930  -16.916  -16.874  -16.792  -16.783
   -1.527   -0.302    3.621    5.311    8.953   12.056   14.299   14.529   15.361   17.113
   20.719   21.829
            0.500000  0.018750  0.518750
  -17.097  -17.079  -17.002  -16.951  -16.936  -16.928  -16.916  -16.874  -16.792  -16.783
   -1.515   -0.315    3.635    5.293    8.950   11.972   14.294   14.560   15.462   17.184
   20.680   21.819
            0.500000  0.025000  0.525000
  -17.097  -17.079  -17.002  -16.952  -16.936  -16.927  -16.915  -16.874  -16.792  -16.783
   -1.507   -0.324    3.653    5.273    8.950   11.889   14.271   14.594   15.572   17.264
   20.632   21.787
            0.500000  0.031250  0.531250
  -17.096  -17.079  -17.002  -16.953  -16.936  -16.926  -16.915  -16.874  -16.792  -16.783
   -1.504   -0.328    3.672    5.253    8.955   11.807   14.234   14.631   15.686   17.355
   20.574   21.737
            0.500000  0.037500  0.537500
  -17.096  -17.079  -17.003  -16.954  -16.937  -16.925  -16.914  -16.874  -16.792  -16.784
   -1.506   -0.327    3.694    5.232    8.963   11.726   14.186   14.671   15.799   17.456
   20.507   21.674
            0.500000  0.043750  0.543750
  -17.096  -17.079  -17.003  -16.954  -16.938  -16.924  -16.914  -16.874  -16.792  -16.784
   -1.514   -0.319    3.718    5.210    8.974   11.646   14.132   14.712   15.910   17.566
   20.430   21.601
            0.500000  0.050000  0.550000
  -17.096  -17.079  -17.004  -16.955  -16.939  -16.923  -16.913  -16.874  -16.792  -16.784
   -1.527   -0.306    3.743    5.187    8.990   11.568   14.072   14.754   16.018   17.686
   20.344   21.522
            0.500000  0.056250  0.556250
  -17.095  -17.079  -17.004  -16.956  -16.939  -16.922  -16.912  -16.873  -16.792  -16.784
   -1.545   -0.287    3.771    5.164    9.008   11.490   14.009   14.797   16.121   17.816
   20.247   21.439
            0.500000  0.062500  0.562500
  -17.095  -17.079  -17.004  -16.956  -16.940  -16.922  -16.911  -16.873  -16.792  -16.785
   -1.568   -0.263    3.800    5.141    9.030   11.415   13.944   14.839   16.219   17.953
   20.141   21.355
            0.500000  0.068750  0.568750
  -17.095  -17.079  -17.005  -16.957  -16.941  -16.921  -16.910  -16.873  -16.792  -16.785
   -1.595   -0.234    3.830    5.119    9.056   11.341   13.877   14.881   16.311   18.099
   20.024   21.272
            0.500000  0.075000  0.575000
  -17.094  -17.079  -17.005  -16.957  -16.942  -16.921  -16.909  -16.873  -16.792  -16.785
   -1.626   -0.201    3.862    5.096    9.085   11.268   13.810   14.922   16.399   18.250
   19.899   21.193
            0.500000  0.081250  0.581250
  -17.094  -17.079  -17.006  -16.957  -16.944  -16.920  -16.907  -16.873  -16.792  -16.786
   -1.660   -0.163    3.895    5.074    9.116   11.197   13.741   14.962   16.483   18.407
   19.766   21.117
            0.500000  0.087500  0.587500
  -17.094  -17.079  -17.007  -16.957  -16.945  -16.920  -16.906  -16.872  -16.792  -16.786
   -1.697   -0.122    3.928    5.052    9.151   11.128   13.672   15.000   16.563   18.566
   19.626   21.047
            0.500000  0.093750  0.593750
  -17.093  -17.079  -17.007  -16.957  -16.946  -16.920  -16.905  -16.872  -16.792  -16.786
   -1.737   -0.077    3.963    5.032    9.188   11.061   13.603   15.037   16.639   18.725
   19.484   20.980
            0.500000  0.100000  0.600000
  -17.093  -17.080  -17.008  -16.957  -16.947  -16.920  -16.904  -16.871  -16.792  -16.787
   -1.778   -0.030    3.997    5.013    9.228   10.995   13.535   15.071   16.712   18.877
   19.345   20.919
            0.500000  0.106250  0.606250
  -17.092  -17.080  -17.009  -16.956  -16.948  -16.920  -16.903  -16.871  -16.792  -16.787
   -1.821    0.020    4.032    4.995    9.270   10.932   13.466   15.104   16.782   18.985
   19.248   20.862
            0.500000  0.112500  0.612500
  -17.092  -17.080  -17.010  -16.956  -16.949  -16.920  -16.902  -16.870  -16.792  -16.787
   -1.865    0.072    4.066    4.980    9.314   10.870   13.398   15.133   16.850   18.939
   19.301   20.809
            0.500000  0.118750  0.618750
  -17.091  -17.080  -17.010  -16.955  -16.950  -16.921  -16.900  -16.870  -16.792  -16.788
   -1.910    0.125    4.100    4.968    9.360   10.811   13.331   15.160   16.915   18.804
   19.438   20.761
            0.500000  0.125000  0.625000
  -17.091  -17.080  -17.011  -16.954  -16.952  -16.921  -16.899  -16.869  -16.792  -16.788
   -1.956    0.180    4.133    4.958    9.408   10.754   13.265   15.182   16.979   18.653
   19.585   20.719
            0.500000  0.131250  0.631250
  -17.091  -17.080  -17.012  -16.954  -16.953  -16.922  -16.898  -16.869  -16.792  -16.789
   -2.003    0.237    4.164    4.952    9.457   10.699   13.199   15.201   17.041   18.499
   19.726   20.682
            0.500000  0.137500  0.637500
  -17.090  -17.080  -17.013  -16.954  -16.953  -16.923  -16.897  -16.868  -16.792  -16.789
   -2.050    0.294    4.194    4.949    9.507   10.648   13.134   15.214   17.102   18.345
   19.855   20.653
            0.500000  0.143750  0.643750
  -17.090  -17.080  -17.014  -16.955  -16.952  -16.923  -16.896  -16.867  -16.792  -16.790
   -2.097    0.352    4.222    4.951    9.558   10.599   13.071   15.221   17.160   18.195
   19.963   20.637
            0.500000  0.150000  0.650000
  -17.089  -17.080  -17.015  -16.957  -16.951  -16.924  -16.895  -16.867  -16.792  -16.790
   -2.144    0.411    4.247    4.958    9.609   10.554   13.008   15.223   17.217   18.050
   20.043   20.636
            0.500000  0.156250  0.656250
  -17.089  -17.080  -17.015  -16.958  -16.949  -16.925  -16.893  -16.866  -16.792  -16.791
   -2.191    0.471    4.270    4.969    9.659   10.513   12.947   15.217   17.272   17.911
   20.089   20.655
            0.500000  0.162500  0.662500
  -17.088  -17.080  -17.016  -16.959  -16.948  -16.926  -16.892  -16.865  -16.793  -16.791
   -2.237    0.530    4.290    4.985    9.708   10.477   12.886   15.202   17.323   17.781
   20.102   20.688
            0.500000  0.168750  0.668750
  -17.088  -17.080  -17.017  -16.960  -16.947  -16.927  -16.891  -16.864  -16.793  -16.791
   -2.284    0.590    4.308    5.006    9.753   10.448   12.828   15.179   17.366   17.665
   20.089   20.727
            0.500000  0.175000  0.675000
  -17.087  -17.080  -17.018  -16.961  -16.946  -16.929  -16.890  -16.864  -16.794  -16.791
   -2.330    0.649    4.324    5.032    9.794   10.425   12.771   15.146   17.387   17.578
   20.057   20.762
            0.500000  0.181250  0.681250
  -17.087  -17.080  -17.019  -16.963  -16.944  -16.930  -16.889  -16.863  -16.794  -16.792
   -2.376    0.709    4.339    5.062    9.828   10.412   12.715   15.103   17.352   17.555
   20.013   20.786
            0.500000  0.187500  0.687500
  -17.086  -17.080  -17.019  -16.964  -16.943  -16.931  -16.888  -16.862  -16.795  -16.792
   -2.421    0.767    4.353    5.095    9.854   10.410   12.662   15.049   17.277   17.580
   19.960   20.793
            0.500000  0.193750  0.693750
  -17.086  -17.080  -17.020  -16.965  -16.941  -16.933  -16.886  -16.862  -16.795  -16.792
   -2.465    0.825    4.366    5.131    9.871   10.420   12.610   14.985   17.196   17.619
   19.898   20.779
            0.500000  0.200000  0.700000
  -17.086  -17.080  -17.021  -16.966  -16.940  -16.934  -16.885  -16.861  -16.796  -16.792
   -2.509    0.883    4.380    5.171    9.877   10.441   12.561   14.910   17.122   17.659
   19.831   20.740
            0.500000  0.206250  0.706250
  -17.085  -17.080  -17.022  -16.967  -16.938  -16.935  -16.884  -16.860  -16.797  -16.792
   -2.552    0.939    4.395    5.212    9.875   10.473   12.515   14.825   17.055   17.698
   19.758   20.679
            0.500000  0.212500  0.712500
  -17.085  -17.080  -17.022  -16.968  -16.938  -16.935  -16.883  -16.860  -16.797  -16.792
   -2.595    0.994    4.410    5.255    9.866   10.512   12.471   14.731   16.996   17.733
   19.680   20.602
            0.500000  0.218750  0.718750
  -17.085  -17.079  -17.023  -16.969  -16.939  -16.934  -16.882  -16.859  -16.798  -16.792
   -2.636    1.047    4.428    5.299    9.853   10.557   12.431   14.630   16.944   17.764
   19.600   20.514
            0.500000  0.225000  0.725000
  -17.084  -17.079  -17.024  -16.971  -16.941  -16.932  -16.881  -16.859  -16.799  -16.792
   -2.677    1.099    4.448    5.345    9.836   10.604   12.395   14.522   16.900   17.789
   19.517   20.422
            0.500000  0.231250  0.731250
  -17.084  -17.079  -17.025  -16.972  -16.942  -16.931  -16.880  -16.858  -16.800  -16.792
   -2.717    1.150    4.470    5.391    9.817   10.653   12.363   14.408   16.861   17.806
   19.435   20.329
            0.500000  0.237500  0.737500
  -17.084  -17.078  -17.025  -16.973  -16.944  -16.929  -16.879  -16.857  -16.800  -16.792
   -2.756    1.198    4.496    5.437    9.797   10.701   12.336   14.291   16.828   17.814
   19.354   20.237
            0.500000  0.243750  0.743750
  -17.083  -17.078  -17.026  -16.974  -16.945  -16.927  -16.878  -16.857  -16.801  -16.793
   -2.794    1.244    4.524    5.484    9.776   10.748   12.315   14.170   16.798   17.812
   19.276   20.148
            0.500000  0.250000  0.750000
  -17.083  -17.078  -17.027  -16.975  -16.947  -16.925  -16.877  -16.856  -16.802  -16.793
   -2.831    1.289    4.556    5.530    9.755   10.791   12.301   14.048   16.772   17.798
   19.202   20.061
            0.496875  0.253125  0.750000
  -17.083  -17.077  -17.026  -16.975  -16.948  -16.924  -16.876  -16.857  -16.802  -16.793
   -2.843    1.304    4.553    5.556    9.792   10.804   12.269   14.006   16.729   17.765
   19.178   20.044
            0.493750  0.256250  0.750000
  -17.083  -17.077  -17.026  -16.976  -16.949  -16.923  -16.876  -16.857  -16.802  -16.793
   -2.855    1.318    4.550    5.582    9.827   10.815   12.242   13.963   16.685   17.733
   19.155   20.028
            0.490625  0.259375  0.750000
  -17.083  -17.077  -17.026  -16.976  -16.949  -16.922  -16.875  -16.857  -16.802  -16.793
   -2.867    1.332    4.547    5.609    9.862   10.822   12.221   13.920   16.641   17.702
   19.131   20.013
            0.487500  0.262500  0.750000
  -17.083  -17.077  -17.026  -16.977  -16.950  -16.921  -16.875  -16.858  -16.802  -16.793
   -2.879    1.345    4.544    5.636    9.896   10.825   12.205   13.877   16.596   17.671
   19.108   20.000
            0.484375  0.265625  0.750000
  -17.083  -17.077  -17.026  -16.977  -16.951  -16.920  -16.875  -16.858  -16.802  -16.793
   -2.890    1.358    4.541    5.664    9.928   10.826   12.194   13.834   16.551   17.641
   19.085   19.987
            0.481250  0.268750  0.750000
  -17.083  -17.077  -17.025  -16.978  -16.952  -16.919  -16.874  -16.859  -16.802  -16.793
   -2.901    1.371    4.538    5.692    9.958   10.825   12.189   13.791   16.505   17.611
   19.063   19.975
            0.478125  0.271875  0.750000
  -17.083  -17.077  -17.025  -16.978  -16.953  -16.918  -16.874  -16.859  -16.802  -16.793
   -2.912    1.383    4.534    5.721    9.985   10.823   12.189   13.747   16.459   17.581
   19.041   19.963
            0.475000  0.275000  0.750000
  -17.083  -17.077  -17.025  -16.979  -16.953  -16.917  -16.873  -16.860  -16.802  -16.794
   -2.922    1.394    4.531    5.751   10.009   10.820   12.194   13.703   16.412   17.553
   19.019   19.953
            0.471875  0.278125  0.750000
  -17.083  -17.077  -17.025  -16.979  -16.954  -16.916  -16.873  -16.860  -16.802  -16.794
   -2.933    1.405    4.528    5.780   10.030   10.817   12.203   13.660   16.364   17.524
   18.998   19.943
            0.468750  0.281250  0.750000
  -17.083  -17.077  -17.025  -16.980  -16.955  -16.914  -16.873  -16.860  -16.802  -16.794
   -2.942    1.416    4.525    5.810   10.045   10.816   12.216   13.616   16.317   17.497
   18.978   19.933
            0.465625  0.284375  0.750000
  -17.083  -17.077  -17.025  -16.980  -16.956  -16.913  -16.872  -16.861  -16.802  -16.794
   -2.952    1.426    4.522    5.841   10.056   10.817   12.232   13.572   16.269   17.470
   18.958   19.924
            0.462500  0.287500  0.750000
  -17.083  -17.077  -17.024  -16.980  -16.956  -16.912  -16.872  -16.861  -16.801  -16.794
   -2.961    1.435    4.519    5.872   10.061   10.822   12.251   13.529   16.221   17.444
   18.939   19.916
            0.459375  0.290625  0.750000
  -17.083  -17.077  -17.024  -16.981  -16.957  -16.911  -16.872  -16.862  -16.801  -16.794
   -2.970    1.445    4.517    5.902   10.060   10.831   12.272   13.485   16.173   17.419
   18.921   19.908
            0.456250  0.293750  0.750000
  -17.083  -17.077  -17.024  -16.981  -16.958  -16.910  -16.872  -16.862  -16.801  -16.794
   -2.978    1.453    4.514    5.933   10.054   10.845   12.295   13.443   16.125   17.394
   18.903   19.901
            0.453125  0.296875  0.750000
  -17.083  -17.077  -17.024  -16.982  -16.958  -16.909  -16.871  -16.863  -16.801  -16.794
   -2.986    1.462    4.511    5.964   10.041   10.864   12.319   13.400   16.077   17.370
   18.886   19.894
            0.450000  0.300000  0.750000
  -17.083  -17.076  -17.024  -16.982  -16.959  -16.908  -16.871  -16.863  -16.801  -16.794
   -2.994    1.470    4.508    5.995   10.024   10.886   12.344   13.359   16.029   17.347
   18.869   19.887
            0.446875  0.303125  0.750000
  -17.083  -17.076  -17.023  -16.982  -16.959  -16.907  -16.871  -16.864  -16.801  -16.795
   -3.002    1.477    4.506    6.026   10.003   10.913   12.369   13.318   15.981   17.325
   18.854   19.881
            0.443750  0.306250  0.750000
  -17.083  -17.076  -17.023  -16.983  -16.960  -16.906  -16.870  -16.864  -16.801  -16.795
   -3.009    1.485    4.503    6.057    9.978   10.944   12.394   13.278   15.934   17.304
   18.839   19.875
            0.440625  0.309375  0.750000
  -17.083  -17.076  -17.023  -16.983  -16.961  -16.906  -16.870  -16.865  -16.801  -16.795
   -3.016    1.491    4.500    6.087    9.950   10.978   12.417   13.241   15.887   17.283
   18.824   19.869
            0.437500  0.312500  0.750000
  -17.083  -17.076  -17.023  -16.983  -16.961  -16.905  -16.870  -16.866  -16.801  -16.795
   -3.022    1.498    4.498    6.117    9.920   11.014   12.439   13.205   15.841   17.264
   18.811   19.864
            0.434375  0.315625  0.750000
  -17.083  -17.076  -17.023  -16.984  -16.962  -16.904  -16.870  -16.866  -16.801  -16.795
   -3.029    1.504    4.496    6.147    9.889   11.052   12.458   13.172   15.795   17.245
   18.798   19.859
            0.431250  0.318750  0.750000
  -17.083  -17.076  -17.022  -16.984  -16.962  -16.903  -16.869  -16.867  -16.801  -16.795
   -3.035    1.510    4.493    6.176    9.856   11.093   12.474   13.143   15.750   17.227
   18.786   19.854
            0.428125  0.321875  0.750000
  -17.083  -17.076  -17.022  -16.984  -16.963  -16.902  -16.869  -16.867  -16.801  -16.795
   -3.040    1.515    4.491    6.205    9.823   11.135   12.484   13.118   15.706   17.210
   18.774   19.850
            0.425000  0.325000  0.750000
  -17.083  -17.076  -17.022  -16.985  -16.963  -16.901  -16.869  -16.868  -16.801  -16.795
   -3.046    1.520    4.489    6.233    9.790   11.179   12.490   13.098   15.663   17.194
   18.763   19.846
            0.421875  0.328125  0.750000
  -17.083  -17.076  -17.022  -16.985  -16.964  -16.900  -16.869  -16.868  -16.801  -16.795
   -3.051    1.525    4.487    6.260    9.757   11.223   12.489   13.083   15.621   17.179
   18.753   19.842
            0.418750  0.331250  0.750000
  -17.083  -17.076  -17.022  -16.985  -16.964  -16.899  -16.869  -16.868  -16.801  -16.796
   -3.055    1.529    4.485    6.286    9.725   11.269   12.481   13.075   15.581   17.165
   18.744   19.838
            0.415625  0.334375  0.750000
  -17.083  -17.076  -17.022  -16.985  -16.964  -16.899  -16.869  -16.868  -16.801  -16.796
   -3.060    1.533    4.484    6.310    9.694   11.316   12.466   13.072   15.542   17.152
   18.735   19.835
            0.412500  0.337500  0.750000
  -17.083  -17.076  -17.021  -16.985  -16.965  -16.898  -16.870  -16.868  -16.801  -16.796
   -3.064    1.537    4.482    6.334    9.664   11.363   12.446   13.074   15.505   17.139
   18.727   19.832
            0.409375  0.340625  0.750000
  -17.083  -17.076  -17.021  -16.986  -16.965  -16.897  -16.870  -16.868  -16.801  -16.796
   -3.067    1.540    4.481    6.357    9.636   11.411   12.419   13.080   15.469   17.128
   18.720   19.829
            0.406250  0.343750  0.750000
  -17.083  -17.076  -17.021  -16.986  -16.965  -16.896  -16.871  -16.868  -16.801  -16.796
   -3.071    1.543    4.479    6.378    9.609   11.459   12.388   13.089   15.436   17.118
   18.713   19.826
            0.403125  0.346875  0.750000
  -17.083  -17.076  -17.021  -16.986  -16.966  -16.896  -16.871  -16.868  -16.801  -16.796
   -3.074    1.546    4.478    6.397    9.584   11.508   12.353   13.100   15.405   17.108
   18.707   19.824
            0.400000  0.350000  0.750000
  -17.083  -17.076  -17.021  -16.986  -16.966  -16.895  -16.872  -16.868  -16.801  -16.796
   -3.077    1.548    4.477    6.415    9.561   11.557   12.315   13.113   15.377   17.100
   18.701   19.822
            0.396875  0.353125  0.750000
  -17.083  -17.076  -17.021  -16.986  -16.966  -16.895  -16.872  -16.868  -16.801  -16.796
   -3.079    1.551    4.476    6.431    9.541   11.606   12.275   13.125   15.351   17.093
   18.696   19.820
            0.393750  0.356250  0.750000
  -17.083  -17.076  -17.021  -16.986  -16.966  -16.894  -16.873  -16.868  -16.801  -16.796
   -3.081    1.553    4.475    6.445    9.522   11.655   12.232   13.137   15.328   17.086
   18.692   19.819
            0.390625  0.359375  0.750000
  -17.083  -17.076  -17.021  -16.986  -16.966  -16.894  -16.873  -16.868  -16.800  -16.796
   -3.083    1.554    4.474    6.457    9.507   11.705   12.188   13.148   15.309   17.081
   18.689   19.817
            0.387500  0.362500  0.750000
  -17.083  -17.076  -17.021  -16.987  -16.967  -16.893  -16.873  -16.868  -16.800  -16.796
   -3.084    1.555    4.474    6.467    9.494   11.754   12.142   13.158   15.292   17.076
   18.686   19.816
            0.384375  0.365625  0.750000
  -17.083  -17.075  -17.021  -16.987  -16.967  -16.893  -16.873  -16.867  -16.800  -16.796
   -3.085    1.556    4.473    6.475    9.484   11.804   12.096   13.166   15.280   17.073
   18.684   19.815
            0.381250  0.368750  0.750000
  -17.083  -17.075  -17.021  -16.987  -16.967  -16.893  -16.874  -16.867  -16.800  -16.796
   -3.086    1.557    4.473    6.480    9.476   11.853   12.049   13.172   15.270   17.070
   18.682   19.815
            0.378125  0.371875  0.750000
  -17.083  -17.076  -17.021  -16.987  -16.967  -16.893  -16.874  -16.867  -16.800  -16.796
   -3.087    1.558    4.473    6.484    9.472   11.901   12.002   13.175   15.265   17.069
   18.681   19.814
            0.375000  0.375000  0.750000
  -17.083  -17.075  -17.021  -16.987  -16.967  -16.893  -16.874  -16.867  -16.800  -16.796
   -3.087    1.558    4.473    6.485    9.471   11.940   11.964   13.177   15.263   17.069
   18.681   19.814
            0.365625  0.365625  0.731250
  -17.085  -17.076  -17.018  -16.985  -16.964  -16.895  -16.877  -16.869  -16.798  -16.796
   -3.013    1.479    4.314    6.422    9.518   12.101   12.148   13.029   15.236   17.095
   18.797   19.990
            0.356250  0.356250  0.712500
  -17.086  -17.077  -17.016  -16.984  -16.962  -16.897  -16.880  -16.870  -16.797  -16.795
   -2.935    1.383    4.189    6.357    9.534   12.232   12.390   12.892   15.244   17.006
   18.996   20.049
            0.346875  0.346875  0.693750
  -17.088  -17.077  -17.014  -16.982  -16.960  -16.898  -16.883  -16.871  -16.795  -16.795
   -2.852    1.269    4.097    6.292    9.528   12.351   12.602   12.821   15.290   16.840
   19.204   20.033
            0.337500  0.337500  0.675000
  -17.089  -17.077  -17.012  -16.980  -16.958  -16.899  -16.886  -16.871  -16.795  -16.794
   -2.767    1.141    4.038    6.228    9.506   12.452   12.558   13.036   15.378   16.633
   19.294   20.100
            0.328125  0.328125  0.656250
  -17.089  -17.078  -17.011  -16.978  -16.957  -16.900  -16.889  -16.872  -16.794  -16.792
   -2.680    1.003    4.008    6.167    9.474   12.437   12.533   13.350   15.511   16.408
   19.216   20.309
            0.318750  0.318750  0.637500
  -17.090  -17.078  -17.011  -16.976  -16.957  -16.900  -16.891  -16.872  -16.794  -16.791
   -2.595    0.861    4.006    6.110    9.438   12.313   12.591   13.682   15.686   16.179
   19.056   20.561
            0.309375  0.309375  0.618750
  -17.090  -17.078  -17.011  -16.974  -16.957  -16.899  -16.894  -16.873  -16.795  -16.791
   -2.513    0.721    4.026    6.057    9.401   12.191   12.630   14.017   15.903   15.959
   18.873   20.777
            0.300000  0.300000  0.600000
  -17.091  -17.077  -17.011  -16.973  -16.958  -16.898  -16.896  -16.873  -16.795  -16.790
   -2.439    0.590    4.067    6.009    9.364   12.074   12.651   14.334   15.765   16.156
   18.688   20.910
            0.290625  0.290625  0.581250
  -17.091  -17.077  -17.012  -16.971  -16.959  -16.898  -16.896  -16.872  -16.796  -16.790
   -2.377    0.475    4.125    5.967    9.330   11.962   12.659   14.592   15.641   16.441
   18.510   20.929
            0.281250  0.281250  0.562500
  -17.090  -17.077  -17.013  -16.969  -16.961  -16.899  -16.894  -16.872  -16.796  -16.789
   -2.332    0.385    4.197    5.932    9.299   11.855   12.655   14.705   15.667   16.754
   18.349   20.818
            0.271875  0.271875  0.543750
  -17.090  -17.076  -17.014  -16.968  -16.962  -16.900  -16.892  -16.871  -16.797  -16.790
   -2.309    0.325    4.282    5.903    9.272   11.752   12.645   14.646   15.864   17.089
   18.211   20.593
            0.262500  0.262500  0.525000
  -17.089  -17.076  -17.016  -16.967  -16.965  -16.901  -16.889  -16.870  -16.798  -16.790
   -2.312    0.302    4.378    5.881    9.249   11.655   12.628   14.501   16.135   17.442
   18.110   20.285
            0.253125  0.253125  0.506250
  -17.089  -17.075  -17.018  -16.967  -16.966  -16.902  -16.886  -16.869  -16.799  -16.790
   -2.343    0.318    4.483    5.867    9.229   11.562   12.608   14.330   16.401   17.808
   18.065   19.928
            0.243750  0.243750  0.487500
  -17.088  -17.075  -17.020  -16.969  -16.965  -16.902  -16.884  -16.867  -16.800  -16.791
   -2.400    0.375    4.596    5.861    9.214   11.474   12.585   14.154   16.609   18.106
   18.177   19.543
            0.234375  0.234375  0.468750
  -17.087  -17.074  -17.023  -16.972  -16.965  -16.902  -16.881  -16.865  -16.801  -16.792
   -2.482    0.468    4.716    5.862    9.202   11.390   12.560   13.983   16.724   18.251
   18.531   19.148
            0.225000  0.225000  0.450000
  -17.086  -17.073  -17.025  -16.974  -16.965  -16.902  -16.878  -16.863  -16.802  -16.793
   -2.582    0.594    4.842    5.872    9.193   11.310   12.533   13.822   16.755   18.455
   18.779   18.817
            0.215625  0.215625  0.431250
  -17.084  -17.072  -17.028  -16.976  -16.966  -16.901  -16.876  -16.861  -16.803  -16.794
   -2.696    0.749    4.974    5.889    9.186   11.233   12.503   13.674   16.731   18.290
   18.830   18.914
            0.206250  0.206250  0.412500
  -17.083  -17.071  -17.030  -16.979  -16.967  -16.900  -16.873  -16.859  -16.804  -16.795
   -2.820    0.927    5.110    5.915    9.180   11.159   12.471   13.540   16.676   17.909
   18.769   19.112
            0.196875  0.196875  0.393750
  -17.082  -17.070  -17.033  -16.981  -16.968  -16.899  -16.871  -16.857  -16.806  -16.796
   -2.949    1.127    5.251    5.949    9.174   11.087   12.434   13.422   16.603   17.532
   18.509   19.372
            0.187500  0.187500  0.375000
  -17.080  -17.070  -17.035  -16.983  -16.969  -16.897  -16.868  -16.855  -16.807  -16.798
   -3.081    1.344    5.394    5.991    9.169   11.016   12.392   13.318   16.508   17.182
   18.221   19.559
            0.178125  0.178125  0.356250
  -17.079  -17.069  -17.038  -16.986  -16.971  -16.896  -16.866  -16.854  -16.809  -16.799
   -3.213    1.578    5.541    6.041    9.162   10.945   12.344   13.228   16.371   16.890
   17.937   19.630
            0.168750  0.168750  0.337500
  -17.077  -17.068  -17.040  -16.988  -16.973  -16.894  -16.864  -16.852  -16.810  -16.800
   -3.343    1.824    5.690    6.099    9.154   10.875   12.288   13.149   16.160   16.692
   17.668   19.570
            0.159375  0.159375  0.318750
  -17.076  -17.067  -17.042  -16.990  -16.975  -16.891  -16.862  -16.850  -16.811  -16.802
   -3.471    2.084    5.841    6.165    9.143   10.805   12.223   13.075   15.899   16.574
   17.421   19.400
            0.150000  0.150000  0.300000
  -17.074  -17.066  -17.044  -16.992  -16.978  -16.889  -16.860  -16.849  -16.813  -16.803
   -3.594    2.354    5.993    6.238    9.130   10.736   12.145   12.999   15.637   16.489
   17.200   19.160
            0.140625  0.140625  0.281250
  -17.072  -17.065  -17.046  -16.994  -16.981  -16.886  -16.858  -16.847  -16.814  -16.804
   -3.712    2.635    6.146    6.319    9.114   10.667   12.056   12.910   15.407   16.412
   17.007   18.889
            0.131250  0.131250  0.262500
  -17.070  -17.064  -17.048  -16.997  -16.984  -16.883  -16.856  -16.846  -16.815  -16.806
   -3.825    2.924    6.298    6.407    9.095   10.600   11.953   12.795   15.228   16.329
   16.846   18.618
            0.121875  0.121875  0.243750
  -17.069  -17.063  -17.049  -16.999  -16.987  -16.879  -16.855  -16.846  -16.817  -16.807
   -3.931    3.222    6.449    6.501    9.071   10.535   11.836   12.645   15.113   16.226
   16.715   18.371
            0.112500  0.112500  0.225000
  -17.067  -17.061  -17.050  -17.001  -16.990  -16.876  -16.853  -16.845  -16.818  -16.809
   -4.031    3.528    6.598    6.602    9.044   10.473   11.707   12.456   15.066   16.094
   16.617   18.167
            0.103125  0.103125  0.206250
  -17.065  -17.060  -17.051  -17.003  -16.993  -16.873  -16.851  -16.844  -16.819  -16.810
   -4.124    3.840    6.708    6.744    9.012   10.417   11.565   12.233   15.082   15.927
   16.549   18.018
            0.093750  0.093750  0.187500
  -17.063  -17.059  -17.052  -17.005  -16.996  -16.869  -16.850  -16.844  -16.821  -16.812
   -4.209    4.158    6.818    6.886    8.973   10.366   11.414   11.985   15.151   15.728
   16.511   17.926
            0.084375  0.084375  0.168750
  -17.061  -17.058  -17.053  -17.008  -17.000  -16.866  -16.848  -16.843  -16.822  -16.814
   -4.287    4.482    6.932    7.021    8.925   10.321   11.257   11.722   15.249   15.521
   16.500   17.888
            0.075000  0.075000  0.150000
  -17.060  -17.056  -17.054  -17.010  -17.003  -16.862  -16.847  -16.843  -16.823  -16.816
   -4.357    4.809    7.048    7.149    8.867   10.284   11.095   11.455   15.202   15.482
   16.514   17.892
            0.065625  0.065625  0.131250
  -17.058  -17.055  -17.054  -17.012  -17.006  -16.859  -16.845  -16.843  -16.825  -16.818
   -4.419    5.139    7.164    7.268    8.793   10.256   10.934   11.194   14.982   15.645
   16.550   17.929
            0.056250  0.056250  0.112500
  -17.056  -17.055  -17.053  -17.014  -17.009  -16.855  -16.844  -16.843  -16.826  -16.820
   -4.473    5.471    7.278    7.375    8.698   10.235   10.777   10.949   14.753   15.847
   16.604   17.991
            0.046875  0.046875  0.093750
  -17.055  -17.054  -17.052  -17.016  -17.012  -16.852  -16.843  -16.842  -16.827  -16.822
   -4.519    5.802    7.387    7.470    8.577   10.222   10.630   10.730   14.539   16.069
   16.673   18.068
            0.037500  0.037500  0.075000
  -17.055  -17.052  -17.051  -17.017  -17.015  -16.849  -16.843  -16.841  -16.828  -16.824
   -4.557    6.131    7.486    7.549    8.425   10.216   10.496   10.545   14.352   16.301
   16.751   18.152
            0.028125  0.028125  0.056250
  -17.055  -17.051  -17.050  -17.019  -17.017  -16.846  -16.842  -16.840  -16.829  -16.826
   -4.586    6.453    7.572    7.612    8.241   10.215   10.383   10.400   14.197   16.532
   16.831   18.235
            0.018750  0.018750  0.037500
  -17.055  -17.049  -17.049  -17.020  -17.019  -16.845  -16.840  -16.838  -16.830  -16.828
   -4.607    6.762    7.639    7.658    8.030   10.217   10.295   10.298   14.082   16.746
   16.904   18.306
            0.009375  0.009375  0.018750
  -17.055  -17.048  -17.048  -17.020  -17.020  -16.844  -16.838  -16.837  -16.831  -16.830
   -4.620    7.035    7.682    7.686    7.814   10.219   10.238   10.240   14.010   16.910
   16.956   18.354
            0.000000  0.000000  0.000000
  -17.055  -17.048  -17.048  -17.021  -17.021  -16.844  -16.837  -16.837  -16.832  -16.832
   -4.624    7.178    7.689    7.697    7.697   10.216   10.221   10.221   13.986   16.975
   16.975   18.365
            0.012500  0.012500  0.012500
  -17.055  -17.048  -17.048  -17.020  -17.020  -16.844  -16.838  -16.838  -16.831  -16.831
   -4.620    7.048    7.689    7.689    7.796   10.229   10.232   10.232   14.008   16.937
   16.937   18.348
            0.025000  0.025000  0.025000
  -17.055  -17.049  -17.049  -17.020  -17.020  -16.844  -16.839  -16.839  -16.829  -16.829
   -4.609    6.791    7.666    7.666    7.985   10.263   10.263   10.269   14.071   16.838
   16.838   18.283
            0.037500  0.037500  0.037500
  -17.055  -17.050  -17.050  -17.018  -17.018  -16.845  -16.842  -16.842  -16.828  -16.828
   -4.590    6.496    7.629    7.629    8.161   10.313   10.313   10.342   14.175   16.704
   16.704   18.186
            0.050000  0.050000  0.050000
  -17.055  -17.051  -17.051  -17.017  -17.017  -16.845  -16.844  -16.844  -16.826  -16.826
   -4.564    6.185    7.580    7.580    8.300   10.379   10.379   10.453   14.313   16.558
   16.558   18.067
            0.062500  0.062500  0.062500
  -17.054  -17.053  -17.053  -17.015  -17.015  -16.846  -16.846  -16.845  -16.824  -16.824
   -4.531    5.866    7.521    7.521    8.396   10.458   10.458   10.604   14.482   16.412
   16.412   17.940
            0.075000  0.075000  0.075000
  -17.054  -17.054  -17.054  -17.012  -17.012  -16.848  -16.848  -16.846  -16.823  -16.823
   -4.490    5.542    7.455    7.455    8.449   10.547   10.548   10.794   14.675   16.275
   16.275   17.815
            0.087500  0.087500  0.087500
  -17.056  -17.056  -17.054  -17.010  -17.010  -16.850  -16.850  -16.847  -16.821  -16.821
   -4.442    5.216    7.385    7.385    8.467   10.643   10.644   11.016   14.882   16.152
   16.152   17.704
            0.100000  0.100000  0.100000
  -17.057  -17.057  -17.053  -17.008  -17.008  -16.852  -16.852  -16.847  -16.819  -16.819
   -4.387    4.890    7.310    7.310    8.456   10.743   10.743   11.264   15.091   16.046
   16.046   17.617
            0.112500  0.112500  0.112500
  -17.059  -17.059  -17.052  -17.005  -17.005  -16.854  -16.854  -16.848  -16.818  -16.818
   -4.325    4.566    7.235    7.235    8.427   10.843   10.843   11.531   15.288   15.960
   15.960   17.571
            0.125000  0.125000  0.125000
  -17.060  -17.060  -17.051  -17.003  -17.003  -16.856  -16.856  -16.849  -16.816  -16.816
   -4.256    4.245    7.159    7.159    8.383   10.940   10.940   11.812   15.453   15.898
   15.898   17.581
            0.137500  0.137500  0.137500
  -17.062  -17.062  -17.051  -17.001  -17.001  -16.858  -16.858  -16.850  -16.815  -16.815
   -4.180    3.927    7.083    7.083    8.332   11.032   11.032   12.103   15.570   15.861
   15.861   17.664
            0.150000  0.150000  0.150000
  -17.063  -17.063  -17.050  -16.999  -16.999  -16.860  -16.860  -16.851  -16.814  -16.814
   -4.098    3.615    7.009    7.010    8.275   11.116   11.116   12.402   15.632   15.851
   15.851   17.824
            0.162500  0.162500  0.162500
  -17.064  -17.064  -17.049  -16.997  -16.997  -16.861  -16.861  -16.852  -16.813  -16.813
   -4.010    3.308    6.938    6.938    8.216   11.190   11.190   12.708   15.643   15.870
   15.870   18.051
            0.175000  0.175000  0.175000
  -17.065  -17.065  -17.048  -16.995  -16.995  -16.863  -16.863  -16.853  -16.812  -16.812
   -3.916    3.008    6.870    6.870    8.157   11.254   11.254   13.018   15.619   15.919
   15.919   18.328
            0.187500  0.187500  0.187500
  -17.066  -17.066  -17.047  -16.993  -16.993  -16.864  -16.864  -16.854  -16.811  -16.811
   -3.817    2.715    6.805    6.805    8.098   11.307   11.307   13.330   15.575   15.998
   15.998   18.633
            0.200000  0.200000  0.200000
  -17.067  -17.067  -17.046  -16.991  -16.991  -16.865  -16.865  -16.855  -16.810  -16.810
   -3.713    2.432    6.744    6.744    8.042   11.348   11.348   13.644   15.521   16.106
   16.106   18.947
            0.212500  0.212500  0.212500
  -17.068  -17.068  -17.045  -16.990  -16.990  -16.866  -16.866  -16.856  -16.809  -16.809
   -3.605    2.157    6.687    6.687    7.989   11.379   11.379   13.955   15.470   16.243
   16.243   19.248
            0.225000  0.225000  0.225000
  -17.068  -17.068  -17.044  -16.988  -16.988  -16.867  -16.867  -16.857  -16.808  -16.808
   -3.494    1.894    6.635    6.635    7.939   11.400   11.401   14.254   15.434   16.407
   16.407   19.513
            0.237500  0.237500  0.237500
  -17.069  -17.069  -17.044  -16.987  -16.987  -16.868  -16.868  -16.858  -16.808  -16.808
   -3.381    1.642    6.587    6.587    7.893   11.414   11.414   14.525   15.434   16.595
   16.595   19.712
            0.250000  0.250000  0.250000
  -17.069  -17.069  -17.043  -16.986  -16.986  -16.869  -16.869  -16.858  -16.807  -16.807
   -3.267    1.405    6.544    6.544    7.851   11.421   11.421   14.729   15.509   16.807
   16.807   19.817
            0.262500  0.262500  0.262500
  -17.070  -17.070  -17.042  -16.985  -16.985  -16.869  -16.869  -16.859  -16.807  -16.807
   -3.155    1.184    6.506    6.506    7.814   11.423   11.423   14.835   15.694   17.038
   17.038   19.810
            0.275000  0.275000  0.275000
  -17.070  -17.070  -17.042  -16.985  -16.985  -16.870  -16.870  -16.860  -16.806  -16.806
   -3.047    0.981    6.473    6.473    7.781   11.421   11.421   14.865   15.965   17.287
   17.287   19.695
            0.287500  0.287500  0.287500
  -17.070  -17.070  -17.041  -16.984  -16.984  -16.870  -16.870  -16.860  -16.806  -16.806
   -2.946    0.800    6.445    6.445    7.754   11.418   11.418   14.861   16.280   17.550
   17.550   19.493
            0.300000  0.300000  0.300000
  -17.071  -17.071  -17.041  -16.984  -16.984  -16.870  -16.870  -16.861  -16.806  -16.806
   -2.856    0.645    6.422    6.422    7.732   11.414   11.414   14.846   16.617   17.823
   17.823   19.230
            0.312500  0.312500  0.312500
  -17.071  -17.071  -17.041  -16.983  -16.983  -16.871  -16.871  -16.861  -16.805  -16.805
   -2.780    0.519    6.405    6.405    7.714   11.410   11.410   14.830   16.966   18.096
   18.096   18.926
            0.325000  0.325000  0.325000
  -17.071  -17.071  -17.040  -16.983  -16.983  -16.871  -16.871  -16.861  -16.805  -16.805
   -2.723    0.428    6.393    6.393    7.702   11.406   11.406   14.817   17.320   18.353
   18.353   18.597
            0.337500  0.337500  0.337500
  -17.071  -17.071  -17.040  -16.983  -16.983  -16.871  -16.871  -16.862  -16.805  -16.805
   -2.689    0.375    6.386    6.386    7.696   11.404   11.404   14.809   17.670   18.259
   18.550   18.550
            0.350000  0.350000  0.350000
  -17.071  -17.071  -17.040  -16.983  -16.983  -16.871  -16.871  -16.862  -16.805  -16.805
   -2.682    0.363    6.384    6.384    7.694   11.404   11.404   14.808   17.849   18.083
   18.604   18.604
            0.362500  0.362500  0.362500
  -17.071  -17.071  -17.040  -16.983  -16.983  -16.871  -16.871  -16.862  -16.805  -16.805
   -2.701    0.392    6.388    6.388    7.698   11.405   11.405   14.812   17.523   18.402
   18.478   18.478
            0.375000  0.375000  0.375000
  -17.071  -17.071  -17.040  -16.983  -16.983  -16.871  -16.871  -16.861  -16.805  -16.805
   -2.744    0.462    6.397    6.397    7.707   11.408   11.408   14.822   17.169   18.248
   18.248   18.739
            0.387500  0.387500  0.387500
  -17.071  -17.071  -17.041  -16.983  -16.983  -16.871  -16.871  -16.861  -16.806  -16.806
   -2.810    0.568    6.412    6.412    7.721   11.411   11.411   14.837   16.817   17.981
   17.981   19.059
            0.400000  0.400000  0.400000
  -17.071  -17.071  -17.041  -16.984  -16.984  -16.870  -16.870  -16.861  -16.806  -16.806
   -2.892    0.707    6.431    6.431    7.741   11.416   11.416   14.853   16.472   17.706
   17.707   19.348
            0.412500  0.412500  0.412500
  -17.070  -17.070  -17.041  -16.984  -16.984  -16.870  -16.870  -16.860  -16.806  -16.806
   -2.988    0.874    6.456    6.456    7.765   11.420   11.420   14.865   16.143   17.437
   17.437   19.588
            0.425000  0.425000  0.425000
  -17.070  -17.070  -17.042  -16.985  -16.985  -16.870  -16.870  -16.859  -16.806  -16.806
   -3.093    1.065    6.486    6.486    7.795   11.422   11.422   14.858   15.842   17.180
   17.180   19.756
            0.437500  0.437500  0.437500
  -17.070  -17.070  -17.042  -16.986  -16.986  -16.869  -16.869  -16.859  -16.807  -16.807
   -3.203    1.276    6.521    6.521    7.829   11.422   11.422   14.802   15.602   16.938
   16.938   19.827
            0.450000  0.450000  0.450000
  -17.069  -17.069  -17.043  -16.987  -16.987  -16.868  -16.868  -16.858  -16.807  -16.807
   -3.316    1.504    6.562    6.562    7.868   11.418   11.418   14.654   15.465   16.714
   16.714   19.785
            0.462500  0.462500  0.462500
  -17.069  -17.069  -17.044  -16.988  -16.988  -16.868  -16.868  -16.857  -16.808  -16.808
   -3.429    1.748    6.607    6.607    7.912   11.409   11.409   14.416   15.428   16.512
   16.512   19.638
            0.475000  0.475000  0.475000
  -17.068  -17.068  -17.045  -16.989  -16.989  -16.867  -16.867  -16.856  -16.808  -16.808
   -3.541    2.004    6.656    6.657    7.959   11.392   11.393   14.129   15.447   16.334
   16.334   19.407
            0.487500  0.487500  0.487500
  -17.067  -17.067  -17.046  -16.990  -16.990  -16.866  -16.866  -16.855  -16.809  -16.809
   -3.651    2.272    6.711    6.711    8.011   11.367   11.367   13.823   15.491   16.182
   16.182   19.123
            0.500000  0.500000  0.500000
  -17.067  -17.067  -17.047  -16.992  -16.992  -16.865  -16.865  -16.854  -16.810  -16.810
   -3.758    2.551    6.769    6.769    8.066   11.332   11.332   13.511   15.544   16.057
   16.057   18.814
            0.503125  0.493750  0.503125
  -17.067  -17.066  -17.047  -16.992  -16.992  -16.865  -16.864  -16.854  -16.810  -16.810
   -3.757    2.551    6.746    6.785    8.074   11.302   11.362   13.509   15.544   16.001
   16.119   18.815
            0.506250  0.487500  0.506250
  -17.067  -17.066  -17.047  -16.993  -16.991  -16.866  -16.863  -16.854  -16.811  -16.809
   -3.756    2.550    6.720    6.785    8.098   11.269   11.395   13.503   15.543   15.957
   16.182   18.817
            0.509375  0.481250  0.509375
  -17.068  -17.066  -17.047  -16.993  -16.991  -16.868  -16.863  -16.854  -16.811  -16.809
   -3.753    2.549    6.694    6.770    8.137   11.234   11.432   13.492   15.538   15.929
   16.246   18.822
            0.512500  0.475000  0.512500
  -17.068  -17.066  -17.046  -16.993  -16.990  -16.869  -16.862  -16.854  -16.811  -16.808
   -3.750    2.547    6.666    6.743    8.189   11.196   11.471   13.476   15.529   15.917
   16.311   18.828
            0.515625  0.468750  0.515625
  -17.068  -17.066  -17.046  -16.994  -16.989  -16.870  -16.862  -16.853  -16.812  -16.808
   -3.746    2.544    6.636    6.705    8.252   11.156   11.513   13.456   15.515   15.921
   16.376   18.836
            0.518750  0.462500  0.518750
  -17.069  -17.065  -17.046  -16.994  -16.988  -16.871  -16.861  -16.853  -16.812  -16.807
   -3.741    2.541    6.606    6.659    8.323   11.115   11.557   13.430   15.500   15.939
   16.443   18.845
            0.521875  0.456250  0.521875
  -17.069  -17.065  -17.046  -16.994  -16.988  -16.873  -16.861  -16.852  -16.812  -16.807
   -3.735    2.538    6.574    6.606    8.401   11.071   11.605   13.398   15.485   15.968
   16.511   18.857
            0.525000  0.450000  0.525000
  -17.070  -17.065  -17.046  -16.994  -16.987  -16.874  -16.860  -16.852  -16.813  -16.807
   -3.728    2.533    6.542    6.548    8.484   11.027   11.655   13.362   15.473   16.005
   16.579   18.871
            0.528125  0.443750  0.528125
  -17.070  -17.065  -17.046  -16.994  -16.986  -16.876  -16.860  -16.851  -16.813  -16.806
   -3.720    2.528    6.488    6.508    8.570   10.982   11.707   13.321   15.465   16.050
   16.648   18.887
            0.531250  0.437500  0.531250
  -17.071  -17.065  -17.046  -16.994  -16.985  -16.878  -16.860  -16.851  -16.813  -16.806
   -3.711    2.522    6.424    6.474    8.658   10.937   11.762   13.275   15.461   16.101
   16.717   18.905
            0.534375  0.431250  0.534375
  -17.071  -17.065  -17.045  -16.994  -16.984  -16.879  -16.859  -16.850  -16.813  -16.805
   -3.701    2.515    6.359    6.439    8.746   10.892   11.819   13.225   15.463   16.156
   16.787   18.925
            0.537500  0.425000  0.537500
  -17.072  -17.065  -17.045  -16.994  -16.983  -16.881  -16.859  -16.850  -16.813  -16.805
   -3.691    2.508    6.293    6.403    8.833   10.848   11.879   13.171   15.471   16.216
   16.858   18.947
            0.540625  0.418750  0.540625
  -17.072  -17.065  -17.045  -16.994  -16.982  -16.883  -16.859  -16.849  -16.813  -16.805
   -3.679    2.499    6.227    6.367    8.919   10.805   11.941   13.115   15.483   16.279
   16.929   18.972
            0.543750  0.412500  0.543750
  -17.072  -17.065  -17.045  -16.994  -16.981  -16.885  -16.859  -16.849  -16.813  -16.804
   -3.667    2.490    6.161    6.330    9.002   10.764   12.004   13.057   15.500   16.345
   17.001   18.999
            0.546875  0.406250  0.546875
  -17.073  -17.065  -17.045  -16.993  -16.980  -16.886  -16.859  -16.848  -16.813  -16.804
   -3.653    2.479    6.095    6.293    9.081   10.727   12.070   12.998   15.520   16.415
   17.073   19.029
            0.550000  0.400000  0.550000
  -17.073  -17.065  -17.045  -16.993  -16.978  -16.888  -16.859  -16.848  -16.813  -16.804
   -3.639    2.467    6.030    6.256    9.154   10.692   12.138   12.938   15.545   16.487
   17.145   19.061
            0.553125  0.393750  0.553125
  -17.074  -17.066  -17.045  -16.993  -16.977  -16.890  -16.859  -16.847  -16.813  -16.803
   -3.623    2.453    5.966    6.218    9.221   10.662   12.208   12.880   15.572   16.562
   17.217   19.096
            0.556250  0.387500  0.556250
  -17.074  -17.066  -17.045  -16.992  -16.976  -16.892  -16.859  -16.847  -16.813  -16.803
   -3.607    2.439    5.904    6.180    9.280   10.638   12.279   12.823   15.602   16.639
   17.290   19.133
            0.559375  0.381250  0.559375
  -17.075  -17.066  -17.044  -16.992  -16.974  -16.894  -16.860  -16.846  -16.813  -16.803
   -3.590    2.422    5.842    6.142    9.330   10.619   12.352   12.769   15.634   16.719
   17.363   19.174
            0.562500  0.375000  0.562500
  -17.075  -17.066  -17.044  -16.991  -16.973  -16.896  -16.860  -16.846  -16.813  -16.802
   -3.572    2.405    5.783    6.104    9.369   10.606   12.427   12.719   15.668   16.800
   17.435   19.217
            0.565625  0.368750  0.565625
  -17.075  -17.066  -17.044  -16.991  -16.972  -16.898  -16.860  -16.845  -16.812  -16.802
   -3.553    2.385    5.725    6.066    9.398   10.599   12.504   12.674   15.703   16.884
   17.508   19.264
            0.568750  0.362500  0.568750
  -17.076  -17.066  -17.044  -16.990  -16.970  -16.900  -16.861  -16.845  -16.812  -16.802
   -3.533    2.364    5.669    6.029    9.415   10.597   12.582   12.635   15.739   16.969
   17.580   19.313
            0.571875  0.356250  0.571875
  -17.076  -17.067  -17.044  -16.990  -16.969  -16.902  -16.861  -16.844  -16.812  -16.802
   -3.512    2.341    5.615    5.991    9.422   10.599   12.605   12.661   15.776   17.057
   17.653   19.366
            0.575000  0.350000  0.575000
  -17.076  -17.067  -17.044  -16.989  -16.967  -16.904  -16.862  -16.844  -16.811  -16.802
   -3.490    2.316    5.564    5.953    9.418   10.602   12.583   12.742   15.813   17.145
   17.724   19.422
            0.578125  0.343750  0.578125
  -17.076  -17.067  -17.044  -16.988  -16.966  -16.906  -16.862  -16.844  -16.811  -16.802
   -3.467    2.290    5.515    5.916    9.406   10.605   12.572   12.824   15.850   17.235
   17.796   19.481
            0.581250  0.337500  0.581250
  -17.077  -17.067  -17.044  -16.988  -16.964  -16.908  -16.863  -16.843  -16.811  -16.801
   -3.443    2.261    5.468    5.878    9.387   10.605   12.572   12.908   15.887   17.327
   17.867   19.543
            0.584375  0.331250  0.584375
  -17.077  -17.067  -17.044  -16.987  -16.962  -16.910  -16.863  -16.843  -16.810  -16.801
   -3.419    2.230    5.424    5.841    9.361   10.601   12.584   12.992   15.924   17.419
   17.937   19.609
            0.587500  0.325000  0.587500
  -17.077  -17.068  -17.044  -16.986  -16.961  -16.912  -16.864  -16.842  -16.810  -16.801
   -3.393    2.197    5.382    5.805    9.331   10.591   12.608   13.078   15.960   17.512
   18.006   19.678
            0.590625  0.318750  0.590625
  -17.077  -17.068  -17.044  -16.985  -16.959  -16.914  -16.865  -16.842  -16.809  -16.801
   -3.367    2.162    5.343    5.769    9.297   10.574   12.645   13.165   15.996   17.606
   18.075   19.751
            0.593750  0.312500  0.593750
  -17.078  -17.068  -17.044  -16.985  -16.958  -16.916  -16.865  -16.842  -16.809  -16.801
   -3.340    2.125    5.307    5.733    9.260   10.550   12.694   13.252   16.032   17.701
   18.143   19.827
            0.596875  0.306250  0.596875
  -17.078  -17.069  -17.044  -16.984  -16.956  -16.918  -16.866  -16.841  -16.808  -16.801
   -3.311    2.086    5.273    5.697    9.221   10.520   12.753   13.341   16.066   17.795
   18.209   19.907
            0.600000  0.300000  0.600000
  -17.078  -17.069  -17.044  -16.983  -16.954  -16.920  -16.867  -16.841  -16.808  -16.801
   -3.282    2.045    5.242    5.662    9.181   10.483   12.822   13.431   16.100   17.890
   18.275   19.991
            0.603125  0.293750  0.603125
  -17.078  -17.069  -17.044  -16.982  -16.952  -16.922  -16.868  -16.841  -16.807  -16.801
   -3.252    2.001    5.213    5.628    9.139   10.441   12.901   13.521   16.134   17.985
   18.339   20.078
            0.606250  0.287500  0.606250
  -17.078  -17.069  -17.044  -16.981  -16.951  -16.924  -16.869  -16.840  -16.807  -16.801
   -3.221    1.956    5.186    5.594    9.097   10.395   12.987   13.612   16.166   18.080
   18.403   20.170
            0.609375  0.281250  0.609375
  -17.078  -17.070  -17.044  -16.980  -16.949  -16.926  -16.870  -16.840  -16.806  -16.801
   -3.189    1.909    5.162    5.561    9.054   10.344   13.079   13.704   16.198   18.174
   18.464   20.264
            0.612500  0.275000  0.612500
  -17.078  -17.070  -17.044  -16.979  -16.947  -16.928  -16.871  -16.840  -16.806  -16.801
   -3.157    1.859    5.141    5.528    9.011   10.290   13.178   13.796   16.229   18.267
   18.525   20.363
            0.615625  0.268750  0.615625
  -17.079  -17.070  -17.044  -16.978  -16.945  -16.930  -16.872  -16.840  -16.805  -16.801
   -3.123    1.808    5.121    5.496    8.968   10.234   13.282   13.889   16.260   18.359
   18.584   20.465
            0.618750  0.262500  0.618750
  -17.079  -17.070  -17.043  -16.977  -16.944  -16.932  -16.872  -16.840  -16.805  -16.801
   -3.088    1.756    5.104    5.465    8.926   10.176   13.389   13.982   16.290   18.450
   18.642   20.571
            0.621875  0.256250  0.621875
  -17.079  -17.071  -17.043  -16.976  -16.942  -16.934  -16.873  -16.840  -16.804  -16.801
   -3.053    1.701    5.088    5.434    8.884   10.117   13.501   14.076   16.320   18.540
   18.698   20.681
            0.625000  0.250000  0.625000
  -17.079  -17.071  -17.043  -16.975  -16.940  -16.936  -16.875  -16.840  -16.804  -16.801
   -3.017    1.645    5.075    5.403    8.843   10.056   13.615   14.169   16.349   18.628
   18.753   20.794
            0.621875  0.250000  0.628125
  -17.079  -17.071  -17.043  -16.975  -16.940  -16.936  -16.875  -16.840  -16.804  -16.801
   -3.017    1.645    5.074    5.403    8.844   10.057   13.613   14.171   16.349   18.627
   18.754   20.794
            0.618750  0.250000  0.631250
  -17.079  -17.071  -17.043  -16.975  -16.940  -16.936  -16.875  -16.840  -16.804  -16.801
   -3.016    1.644    5.073    5.403    8.848   10.057   13.604   14.177   16.349   18.626
   18.755   20.793
            0.615625  0.250000  0.634375
  -17.079  -17.071  -17.043  -16.975  -16.940  -16.936  -16.875  -16.840  -16.804  -16.801
   -3.016    1.643    5.070    5.403    8.854   10.059   13.590   14.185   16.349   18.623
   18.758   20.791
            0.612500  0.250000  0.637500
  -17.079  -17.071  -17.043  -16.975  -16.940  -16.936  -16.875  -16.840  -16.804  -16.801
   -3.015    1.642    5.066    5.403    8.862   10.060   13.572   14.197   16.349   18.619
   18.762   20.789
            0.609375  0.250000  0.640625
  -17.079  -17.071  -17.042  -16.975  -16.940  -16.936  -16.875  -16.840  -16.804  -16.801
   -3.014    1.640    5.061    5.403    8.873   10.063   13.550   14.210   16.350   18.615
   18.766   20.786
            0.606250  0.250000  0.643750
  -17.079  -17.072  -17.042  -16.975  -16.940  -16.936  -16.875  -16.840  -16.804  -16.801
   -3.012    1.638    5.055    5.402    8.886   10.065   13.524   14.225   16.350   18.610
   18.771   20.783
            0.603125  0.250000  0.646875
  -17.079  -17.072  -17.042  -16.975  -16.940  -16.936  -16.875  -16.840  -16.804  -16.801
   -3.011    1.635    5.048    5.402    8.901   10.069   13.495   14.241   16.351   18.604
   18.777   20.780
            0.600000  0.250000  0.650000
  -17.079  -17.072  -17.042  -16.975  -16.940  -16.936  -16.875  -16.841  -16.803  -16.801
   -3.009    1.632    5.040    5.402    8.918   10.073   13.464   14.257   16.352   18.597
   18.783   20.777
            0.596875  0.250000  0.653125
  -17.079  -17.072  -17.041  -16.975  -16.940  -16.936  -16.875  -16.841  -16.803  -16.800
   -3.007    1.629    5.031    5.402    8.938   10.077   13.431   14.273   16.354   18.590
   18.789   20.774
            0.593750  0.250000  0.656250
  -17.079  -17.072  -17.041  -16.975  -16.940  -16.936  -16.875  -16.841  -16.803  -16.800
   -3.004    1.625    5.021    5.402    8.959   10.082   13.396   14.289   16.356   18.582
   18.796   20.771
            0.590625  0.250000  0.659375
  -17.079  -17.073  -17.041  -16.975  -16.941  -16.936  -16.875  -16.841  -16.803  -16.800
   -3.002    1.620    5.010    5.403    8.982   10.088   13.360   14.304   16.358   18.573
   18.803   20.769
            0.587500  0.250000  0.662500
  -17.079  -17.073  -17.040  -16.975  -16.941  -16.935  -16.875  -16.842  -16.803  -16.800
   -2.999    1.616    4.998    5.403    9.007   10.094   13.323   14.318   16.361   18.563
   18.811   20.767
            0.584375  0.250000  0.665625
  -17.079  -17.073  -17.040  -16.975  -16.941  -16.935  -16.875  -16.842  -16.803  -16.800
   -2.996    1.610    4.985    5.404    9.033   10.101   13.284   14.331   16.365   18.553
   18.818   20.766
            0.581250  0.250000  0.668750
  -17.079  -17.073  -17.040  -16.975  -16.941  -16.935  -16.875  -16.843  -16.803  -16.800
   -2.993    1.605    4.971    5.405    9.061   10.109   13.245   14.342   16.369   18.541
   18.827   20.765
            0.578125  0.250000  0.671875
  -17.079  -17.074  -17.039  -16.975  -16.941  -16.935  -16.875  -16.843  -16.803  -16.799
   -2.989    1.599    4.957    5.407    9.091   10.118   13.205   14.352   16.374   18.528
   18.835   20.765
            0.575000  0.250000  0.675000
  -17.079  -17.074  -17.039  -16.975  -16.941  -16.935  -16.875  -16.843  -16.803  -16.799
   -2.985    1.592    4.942    5.409    9.121   10.127   13.165   14.360   16.380   18.515
   18.845   20.766
            0.571875  0.250000  0.678125
  -17.079  -17.074  -17.038  -16.975  -16.941  -16.935  -16.875  -16.844  -16.803  -16.799
   -2.981    1.585    4.926    5.410    9.152   10.138   13.124   14.367   16.386   18.499
   18.854   20.767
            0.568750  0.250000  0.681250
  -17.079  -17.074  -17.038  -16.975  -16.941  -16.934  -16.875  -16.844  -16.803  -16.799
   -2.977    1.578    4.910    5.413    9.185   10.150   13.083   14.372   16.394   18.483
   18.865   20.768
            0.565625  0.250000  0.684375
  -17.079  -17.075  -17.037  -16.975  -16.941  -16.934  -16.875  -16.845  -16.803  -16.798
   -2.973    1.570    4.893    5.415    9.218   10.162   13.042   14.375   16.402   18.465
   18.876   20.770
            0.562500  0.250000  0.687500
  -17.079  -17.075  -17.037  -16.975  -16.942  -16.934  -16.875  -16.845  -16.803  -16.798
   -2.968    1.561    4.876    5.418    9.251   10.176   13.001   14.376   16.412   18.446
   18.887   20.770
            0.559375  0.250000  0.690625
  -17.079  -17.075  -17.036  -16.975  -16.942  -16.934  -16.875  -16.846  -16.803  -16.798
   -2.963    1.552    4.859    5.421    9.285   10.191   12.960   14.375   16.422   18.425
   18.899   20.770
            0.556250  0.250000  0.693750
  -17.079  -17.076  -17.036  -16.975  -16.942  -16.933  -16.875  -16.846  -16.803  -16.798
   -2.958    1.543    4.841    5.425    9.318   10.208   12.919   14.372   16.434   18.402
   18.912   20.766
            0.553125  0.250000  0.696875
  -17.079  -17.076  -17.035  -16.975  -16.942  -16.933  -16.876  -16.847  -16.803  -16.797
   -2.952    1.533    4.823    5.429    9.352   10.226   12.878   14.367   16.446   18.379
   18.926   20.759
            0.550000  0.250000  0.700000
  -17.080  -17.076  -17.035  -16.975  -16.942  -16.933  -16.876  -16.847  -16.803  -16.797
   -2.947    1.523    4.806    5.433    9.385   10.246   12.837   14.361   16.459   18.353
   18.940   20.747
            0.546875  0.250000  0.703125
  -17.080  -17.076  -17.034  -16.975  -16.943  -16.932  -16.876  -16.848  -16.802  -16.797
   -2.941    1.512    4.788    5.437    9.418   10.267   12.796   14.352   16.473   18.327
   18.955   20.728
            0.543750  0.250000  0.706250
  -17.080  -17.077  -17.034  -16.975  -16.943  -16.932  -16.876  -16.848  -16.802  -16.796
   -2.935    1.501    4.770    5.442    9.450   10.291   12.756   14.342   16.488   18.299
   18.970   20.702
            0.540625  0.250000  0.709375
  -17.080  -17.077  -17.033  -16.975  -16.943  -16.931  -16.876  -16.849  -16.802  -16.796
   -2.929    1.489    4.752    5.446    9.481   10.316   12.717   14.330   16.504   18.269
   18.986   20.670
            0.537500  0.250000  0.712500
  -17.080  -17.077  -17.033  -16.975  -16.943  -16.931  -16.876  -16.850  -16.802  -16.796
   -2.922    1.476    4.735    5.451    9.511   10.343   12.678   14.316   16.521   18.238
   19.003   20.632
            0.534375  0.250000  0.715625
  -17.080  -17.077  -17.032  -16.975  -16.943  -16.931  -16.876  -16.850  -16.802  -16.795
   -2.916    1.463    4.717    5.457    9.540   10.372   12.639   14.301   16.539   18.207
   19.020   20.590
            0.531250  0.250000  0.718750
  -17.081  -17.077  -17.032  -16.975  -16.944  -16.930  -16.876  -16.851  -16.802  -16.795
   -2.909    1.450    4.700    5.462    9.567   10.403   12.602   14.284   16.557   18.174
   19.037   20.544
            0.528125  0.250000  0.721875
  -17.081  -17.077  -17.031  -16.975  -16.944  -16.930  -16.876  -16.851  -16.802  -16.795
   -2.902    1.436    4.684    5.468    9.593   10.436   12.565   14.265   16.576   18.140
   19.055   20.496
            0.525000  0.250000  0.725000
  -17.081  -17.077  -17.031  -16.975  -16.944  -16.929  -16.876  -16.852  -16.802  -16.795
   -2.895    1.422    4.667    5.474    9.617   10.471   12.529   14.246   16.596   18.105
   19.073   20.447
            0.521875  0.250000  0.728125
  -17.081  -17.077  -17.030  -16.975  -16.945  -16.929  -16.876  -16.852  -16.802  -16.794
   -2.887    1.407    4.651    5.481    9.639   10.507   12.495   14.225   16.616   18.069
   19.091   20.397
            0.518750  0.250000  0.731250
  -17.082  -17.077  -17.030  -16.975  -16.945  -16.928  -16.876  -16.853  -16.802  -16.794
   -2.880    1.391    4.636    5.487    9.660   10.545   12.462   14.202   16.637   18.032
   19.108   20.347
            0.515625  0.250000  0.734375
  -17.082  -17.077  -17.029  -16.975  -16.945  -16.928  -16.876  -16.854  -16.802  -16.794
   -2.872    1.375    4.621    5.494    9.680   10.585   12.430   14.179   16.659   17.994
   19.126   20.297
            0.512500  0.250000  0.737500
  -17.082  -17.077  -17.029  -16.975  -16.946  -16.927  -16.876  -16.854  -16.802  -16.794
   -2.864    1.359    4.607    5.501    9.698   10.625   12.400   14.155   16.681   17.956
   19.143   20.247
            0.509375  0.250000  0.740625
  -17.082  -17.078  -17.028  -16.975  -16.946  -16.927  -16.876  -16.855  -16.802  -16.793
   -2.856    1.342    4.593    5.508    9.714   10.666   12.372   14.129   16.703   17.917
   19.160   20.199
            0.506250  0.250000  0.743750
  -17.083  -17.078  -17.028  -16.975  -16.946  -16.926  -16.877  -16.855  -16.802  -16.793
   -2.848    1.325    4.580    5.515    9.729   10.708   12.346   14.103   16.726   17.878
   19.175   20.151
            0.503125  0.250000  0.746875
  -17.083  -17.078  -17.027  -16.975  -16.947  -16.926  -16.877  -16.856  -16.802  -16.793
   -2.839    1.307    4.568    5.523    9.743   10.749   12.322   14.076   16.749   17.838
   19.189   20.105
            0.500000  0.250000  0.750000
  -17.083  -17.078  -17.027  -16.975  -16.947  -16.925  -16.877  -16.856  -16.802  -16.793
   -2.831    1.289    4.556    5.530    9.755   10.791   12.301   14.048   16.772   17.798
   19.202   20.061
            0.500000  0.256250  0.743750
  -17.083  -17.077  -17.027  -16.976  -16.948  -16.924  -16.876  -16.856  -16.802  -16.793
   -2.873    1.356    4.572    5.567    9.805   10.740   12.273   14.017   16.643   17.812
   19.129   20.113
            0.500000  0.262500  0.737500
  -17.082  -17.077  -17.028  -16.977  -16.949  -16.923  -16.875  -16.856  -16.802  -16.794
   -2.915    1.423    4.589    5.605    9.856   10.689   12.248   13.978   16.520   17.825
   19.050   20.167
            0.500000  0.268750  0.731250
  -17.082  -17.077  -17.028  -16.978  -16.950  -16.922  -16.874  -16.855  -16.802  -16.794
   -2.956    1.489    4.605    5.647    9.905   10.640   12.227   13.933   16.405   17.834
   18.968   20.221
            0.500000  0.275000  0.725000
  -17.081  -17.077  -17.029  -16.979  -16.951  -16.921  -16.873  -16.855  -16.802  -16.795
   -2.996    1.554    4.621    5.690    9.954   10.592   12.210   13.881   16.297   17.839
   18.882   20.272
            0.500000  0.281250  0.718750
  -17.081  -17.077  -17.030  -16.980  -16.952  -16.919  -16.872  -16.855  -16.802  -16.796
   -3.036    1.618    4.639    5.735   10.001   10.544   12.198   13.822   16.197   17.840
   18.793   20.315
            0.500000  0.287500  0.712500
  -17.080  -17.076  -17.030  -16.981  -16.953  -16.918  -16.871  -16.854  -16.803  -16.796
   -3.074    1.681    4.657    5.781   10.046   10.498   12.190   13.756   16.105   17.837
   18.702   20.342
            0.500000  0.293750  0.706250
  -17.080  -17.076  -17.031  -16.982  -16.955  -16.916  -16.870  -16.854  -16.803  -16.797
   -3.112    1.743    4.678    5.829   10.087   10.455   12.186   13.684   16.022   17.827
   18.611   20.345
            0.500000  0.300000  0.700000
  -17.080  -17.076  -17.031  -16.982  -16.956  -16.915  -16.869  -16.854  -16.803  -16.797
   -3.149    1.803    4.701    5.877   10.123   10.415   12.188   13.605   15.946   17.811
   18.521   20.318
            0.500000  0.306250  0.693750
  -17.079  -17.075  -17.032  -16.983  -16.957  -16.913  -16.868  -16.854  -16.804  -16.798
   -3.185    1.861    4.726    5.925   10.148   10.383   12.195   13.521   15.877   17.785
   18.433   20.267
            0.500000  0.312500  0.687500
  -17.079  -17.075  -17.032  -16.984  -16.958  -16.912  -16.867  -16.853  -16.804  -16.798
   -3.220    1.917    4.754    5.974   10.156   10.366   12.206   13.433   15.816   17.748
   18.351   20.201
            0.500000  0.318750  0.681250
  -17.079  -17.075  -17.033  -16.985  -16.960  -16.910  -16.866  -16.853  -16.805  -16.798
   -3.254    1.971    4.785    6.023   10.141   10.370   12.223   13.341   15.761   17.700
   18.276   20.127
            0.500000  0.325000  0.675000
  -17.078  -17.074  -17.034  -16.986  -16.961  -16.909  -16.866  -16.853  -16.805  -16.799
   -3.288    2.023    4.820    6.071   10.107   10.389   12.244   13.247   15.713   17.638
   18.209   20.048
            0.500000  0.331250  0.668750
  -17.078  -17.074  -17.034  -16.987  -16.962  -16.907  -16.865  -16.853  -16.806  -16.799
   -3.320    2.072    4.858    6.120   10.063   10.416   12.270   13.152   15.670   17.563
   18.149   19.967
            0.500000  0.337500  0.662500
  -17.078  -17.073  -17.035  -16.987  -16.964  -16.905  -16.865  -16.852  -16.806  -16.799
   -3.351    2.118    4.901    6.167   10.011   10.446   12.300   13.057   15.631   17.477
   18.096   19.886
            0.500000  0.343750  0.656250
  -17.077  -17.073  -17.035  -16.988  -16.965  -16.904  -16.864  -16.852  -16.807  -16.800
   -3.381    2.162    4.947    6.214    9.955   10.478   12.332   12.964   15.597   17.384
   18.047   19.804
            0.500000  0.350000  0.650000
  -17.077  -17.072  -17.036  -16.989  -16.967  -16.902  -16.864  -16.852  -16.807  -16.800
   -3.410    2.202    4.997    6.259    9.895   10.511   12.364   12.875   15.567   17.284
   17.998   19.723
            0.500000  0.356250  0.643750
  -17.077  -17.072  -17.036  -16.989  -16.968  -16.900  -16.863  -16.851  -16.808  -16.800
   -3.438    2.240    5.051    6.304    9.832   10.544   12.393   12.796   15.541   17.180
   17.950   19.643
            0.500000  0.362500  0.637500
  -17.076  -17.071  -17.037  -16.990  -16.969  -16.898  -16.863  -16.851  -16.809  -16.800
   -3.464    2.276    5.109    6.347    9.765   10.576   12.409   12.734   15.518   17.074
   17.899   19.565
            0.500000  0.368750  0.631250
  -17.076  -17.071  -17.038  -16.991  -16.971  -16.897  -16.863  -16.851  -16.809  -16.801
   -3.490    2.308    5.171    6.389    9.695   10.609   12.399   12.705   15.498   16.968
   17.846   19.490
            0.500000  0.375000  0.625000
  -17.075  -17.070  -17.038  -16.991  -16.972  -16.895  -16.862  -16.851  -16.810  -16.801
   -3.515    2.338    5.237    6.430    9.621   10.642   12.357   12.713   15.481   16.862
   17.788   19.418
            0.500000  0.381250  0.618750
  -17.075  -17.070  -17.039  -16.992  -16.973  -16.893  -16.862  -16.850  -16.810  -16.801
   -3.538    2.365    5.307    6.469    9.545   10.675   12.296   12.746   15.466   16.757
   17.725   19.350
            0.500000  0.387500  0.612500
  -17.075  -17.069  -17.039  -16.992  -16.975  -16.891  -16.862  -16.850  -16.811  -16.802
   -3.560    2.389    5.380    6.506    9.465   10.708   12.226   12.793   15.454   16.654
   17.658   19.286
            0.500000  0.393750  0.606250
  -17.074  -17.069  -17.040  -16.992  -16.976  -16.890  -16.862  -16.850  -16.811  -16.802
   -3.581    2.411    5.457    6.541    9.382   10.742   12.154   12.847   15.445   16.555
   17.585   19.226
            0.500000  0.400000  0.600000
  -17.074  -17.069  -17.041  -16.993  -16.977  -16.888  -16.862  -16.850  -16.812  -16.802
   -3.601    2.431    5.536    6.575    9.297   10.776   12.083   12.904   15.439   16.459
   17.508   19.172
            0.500000  0.406250  0.593750
  -17.073  -17.068  -17.041  -16.993  -16.978  -16.886  -16.862  -16.850  -16.812  -16.803
   -3.620    2.449    5.619    6.606    9.208   10.810   12.014   12.964   15.435   16.367
   17.426   19.122
            0.500000  0.412500  0.587500
  -17.073  -17.068  -17.042  -16.993  -16.980  -16.884  -16.862  -16.850  -16.812  -16.803
   -3.638    2.465    5.704    6.636    9.118   10.845   11.949   13.023   15.434   16.280
   17.340   19.076
            0.500000  0.418750  0.581250
  -17.072  -17.067  -17.042  -16.994  -16.981  -16.883  -16.862  -16.850  -16.812  -16.804
   -3.654    2.479    5.791    6.663    9.025   10.881   11.887   13.083   15.436   16.198
   17.250   19.036
            0.500000  0.425000  0.575000
  -17.072  -17.067  -17.043  -16.994  -16.982  -16.881  -16.862  -16.850  -16.813  -16.804
   -3.669    2.491    5.880    6.689    8.931   10.916   11.828   13.140   15.441   16.122
   17.158   18.999
            0.500000  0.431250  0.568750
  -17.071  -17.067  -17.043  -16.994  -16.983  -16.879  -16.862  -16.850  -16.813  -16.804
   -3.683    2.502    5.970    6.712    8.835   10.952   11.773   13.196   15.450   16.053
   17.062   18.967
            0.500000  0.437500  0.562500
  -17.071  -17.067  -17.044  -16.994  -16.984  -16.878  -16.862  -16.851  -16.813  -16.805
   -3.696    2.512    6.061    6.733    8.740   10.988   11.721   13.248   15.461   15.991
   16.965   18.938
            0.500000  0.443750  0.556250
  -17.070  -17.066  -17.044  -16.994  -16.985  -16.876  -16.862  -16.851  -16.813  -16.805
   -3.708    2.520    6.151    6.752    8.644   11.024   11.672   13.296   15.476   15.937
   16.867   18.913
            0.500000  0.450000  0.550000
  -17.070  -17.066  -17.045  -16.994  -16.986  -16.875  -16.862  -16.851  -16.813  -16.806
   -3.718    2.527    6.241    6.768    8.551   11.060   11.627   13.341   15.492   15.893
   16.769   18.891
            0.500000  0.456250  0.543750
  -17.070  -17.066  -17.045  -16.994  -16.987  -16.873  -16.862  -16.852  -16.812  -16.806
   -3.727    2.533    6.330    6.782    8.459   11.095   11.584   13.381   15.510   15.860
   16.671   18.872
            0.500000  0.462500  0.537500
  -17.069  -17.066  -17.046  -16.994  -16.988  -16.872  -16.862  -16.852  -16.812  -16.807
   -3.735    2.538    6.415    6.794    8.372   11.130   11.543   13.415   15.526   15.841
   16.574   18.856
            0.500000  0.468750  0.531250
  -17.069  -17.066  -17.046  -16.994  -16.989  -16.870  -16.862  -16.853  -16.812  -16.807
   -3.742    2.542    6.496    6.802    8.290   11.165   11.505   13.445   15.538   15.839
   16.479   18.843
            0.500000  0.475000  0.525000
  -17.068  -17.066  -17.046  -16.994  -16.990  -16.869  -16.862  -16.853  -16.812  -16.808
   -3.748    2.545    6.570    6.807    8.217   11.199   11.468   13.469   15.545   15.854
   16.386   18.832
            0.500000  0.481250  0.518750
  -17.068  -17.066  -17.047  -16.993  -16.990  -16.868  -16.863  -16.854  -16.811  -16.809
   -3.752    2.548    6.637    6.807    8.155   11.233   11.433   13.487   15.547   15.886
   16.297   18.824
            0.500000  0.487500  0.512500
  -17.067  -17.066  -17.047  -16.993  -16.991  -16.867  -16.863  -16.854  -16.811  -16.809
   -3.755    2.550    6.693    6.803    8.107   11.266   11.399   13.500   15.546   15.932
   16.212   18.818
            0.500000  0.493750  0.506250
  -17.067  -17.066  -17.047  -16.992  -16.991  -16.865  -16.864  -16.854  -16.810  -16.809
   -3.757    2.551    6.737    6.791    8.076   11.299   11.365   13.508   15.545   15.990
   16.131   18.815
            0.500000  0.500000  0.500000
  -17.067  -17.067  -17.047  -16.992  -16.992  -16.865  -16.865  -16.854  -16.810  -16.810
   -3.758    2.551    6.769    6.769    8.066   11.332   11.332   13.511   15.544   16.057
   16.057   18.814
            0.496875  0.496875  0.506250
  -17.067  -17.066  -17.047  -16.992  -16.992  -16.865  -16.864  -16.854  -16.810  -16.810
   -3.757    2.551    6.739    6.792    8.073   11.305   11.359   13.509   15.545   15.996
   16.123   18.815
            0.493750  0.493750  0.512500
  -17.067  -17.066  -17.047  -16.993  -16.991  -16.866  -16.864  -16.854  -16.811  -16.809
   -3.756    2.550    6.695    6.812    8.095   11.281   11.383   13.503   15.548   15.936
   16.197   18.817
            0.490625  0.490625  0.518750
  -17.067  -17.066  -17.047  -16.993  -16.991  -16.867  -16.863  -16.854  -16.811  -16.809
   -3.753    2.549    6.639    6.831    8.130   11.261   11.405   13.494   15.556   15.878
   16.277   18.822
            0.487500  0.487500  0.525000
  -17.068  -17.066  -17.046  -16.993  -16.990  -16.868  -16.863  -16.853  -16.811  -16.808
   -3.750    2.547    6.574    6.848    8.175   11.243   11.423   13.482   15.568   15.820
   16.361   18.828
            0.484375  0.484375  0.531250
  -17.068  -17.066  -17.046  -16.994  -16.989  -16.868  -16.863  -16.853  -16.812  -16.808
   -3.746    2.544    6.501    6.863    8.228   11.229   11.438   13.467   15.586   15.765
   16.450   18.835
            0.481250  0.481250  0.537500
  -17.068  -17.066  -17.046  -16.994  -16.989  -16.869  -16.864  -16.853  -16.812  -16.807
   -3.741    2.541    6.422    6.876    8.287   11.218   11.451   13.449   15.610   15.710
   16.541   18.845
            0.478125  0.478125  0.543750
  -17.069  -17.067  -17.045  -16.994  -16.988  -16.870  -16.864  -16.852  -16.812  -16.807
   -3.735    2.538    6.340    6.887    8.351   11.211   11.462   13.429   15.640   15.657
   16.634   18.857
            0.475000  0.475000  0.550000
  -17.069  -17.067  -17.045  -16.994  -16.987  -16.871  -16.864  -16.852  -16.812  -16.806
   -3.728    2.534    6.254    6.897    8.418   11.206   11.470   13.405   15.605   15.677
   16.728   18.871
            0.471875  0.471875  0.556250
  -17.069  -17.067  -17.044  -16.994  -16.987  -16.872  -16.864  -16.851  -16.812  -16.806
   -3.721    2.529    6.167    6.904    8.487   11.205   11.477   13.380   15.555   15.720
   16.822   18.887
            0.468750  0.468750  0.562500
  -17.070  -17.068  -17.044  -16.994  -16.986  -16.873  -16.865  -16.851  -16.812  -16.806
   -3.712    2.523    6.079    6.909    8.558   11.207   11.482   13.352   15.506   15.769
   16.915   18.906
            0.465625  0.465625  0.568750
  -17.070  -17.068  -17.043  -16.994  -16.985  -16.874  -16.865  -16.851  -16.812  -16.805
   -3.702    2.516    5.990    6.913    8.630   11.212   11.486   13.323   15.459   15.824
   17.008   18.927
            0.462500  0.462500  0.575000
  -17.070  -17.069  -17.042  -16.994  -16.984  -16.874  -16.865  -16.851  -16.812  -16.805
   -3.692    2.509    5.901    6.914    8.702   11.220   11.490   13.292   15.413   15.884
   17.098   18.952
            0.459375  0.459375  0.581250
  -17.070  -17.069  -17.042  -16.994  -16.984  -16.875  -16.866  -16.851  -16.812  -16.804
   -3.681    2.500    5.813    6.914    8.774   11.231   11.494   13.259   15.370   15.951
   17.185   18.980
            0.456250  0.456250  0.587500
  -17.071  -17.070  -17.041  -16.994  -16.983  -16.876  -16.866  -16.851  -16.812  -16.804
   -3.669    2.490    5.726    6.912    8.845   11.245   11.498   13.224   15.328   16.022
   17.268   19.012
            0.453125  0.453125  0.593750
  -17.071  -17.070  -17.040  -16.994  -16.982  -16.877  -16.867  -16.851  -16.812  -16.803
   -3.656    2.479    5.640    6.908    8.914   11.261   11.503   13.189   15.289   16.098
   17.347   19.048
            0.450000  0.450000  0.600000
  -17.071  -17.071  -17.039  -16.994  -16.981  -16.878  -16.867  -16.851  -16.811  -16.803
   -3.642    2.467    5.555    6.903    8.981   11.280   11.509   13.153   15.251   16.178
   17.421   19.088
            0.446875  0.446875  0.606250
  -17.072  -17.071  -17.038  -16.994  -16.981  -16.879  -16.867  -16.851  -16.811  -16.803
   -3.627    2.453    5.473    6.896    9.047   11.301   11.517   13.116   15.215   16.263
   17.488   19.133
            0.443750  0.443750  0.612500
  -17.072  -17.072  -17.038  -16.994  -16.980  -16.880  -16.868  -16.851  -16.811  -16.802
   -3.612    2.438    5.392    6.887    9.109   11.324   11.528   13.078   15.182   16.350
   17.549   19.183
            0.440625  0.440625  0.618750
  -17.073  -17.072  -17.037  -16.993  -16.979  -16.881  -16.868  -16.852  -16.810  -16.802
   -3.595    2.421    5.314    6.877    9.168   11.349   11.541   13.040   15.151   16.441
   17.604   19.238
            0.437500  0.437500  0.625000
  -17.073  -17.072  -17.036  -16.993  -16.978  -16.881  -16.869  -16.852  -16.810  -16.801
   -3.578    2.402    5.239    6.865    9.223   11.376   11.557   13.003   15.122   16.533
   17.651   19.298
            0.434375  0.434375  0.631250
  -17.074  -17.073  -17.035  -16.993  -16.977  -16.882  -16.869  -16.853  -16.810  -16.801
   -3.560    2.382    5.166    6.852    9.274   11.405   11.577   12.965   15.096   16.628
   17.692   19.362
            0.431250  0.431250  0.637500
  -17.074  -17.073  -17.034  -16.993  -16.977  -16.883  -16.869  -16.853  -16.809  -16.801
   -3.541    2.359    5.097    6.839    9.321   11.435   11.601   12.928   15.073   16.723
   17.726   19.430
            0.428125  0.428125  0.643750
  -17.075  -17.073  -17.033  -16.993  -16.976  -16.884  -16.870  -16.854  -16.809  -16.800
   -3.522    2.334    5.030    6.823    9.364   11.466   11.628   12.892   15.053   16.818
   17.755   19.502
            0.425000  0.425000  0.650000
  -17.075  -17.073  -17.032  -16.992  -16.975  -16.885  -16.870  -16.855  -16.808  -16.800
   -3.501    2.307    4.967    6.807    9.402   11.498   11.659   12.856   15.035   16.912
   17.780   19.576
            0.421875  0.421875  0.656250
  -17.076  -17.074  -17.031  -16.992  -16.974  -16.885  -16.870  -16.855  -16.808  -16.800
   -3.480    2.277    4.908    6.790    9.435   11.531   11.694   12.823   15.021   17.003
   17.802   19.652
            0.418750  0.418750  0.662500
  -17.077  -17.074  -17.031  -16.992  -16.974  -16.886  -16.871  -16.856  -16.807  -16.799
   -3.458    2.245    4.852    6.773    9.463   11.564   11.732   12.792   15.010   17.089
   17.823   19.729
            0.415625  0.415625  0.668750
  -17.077  -17.074  -17.030  -16.992  -16.973  -16.887  -16.871  -16.857  -16.806  -16.799
   -3.436    2.210    4.800    6.754    9.486   11.598   11.773   12.763   15.002   17.167
   17.847   19.806
            0.412500  0.412500  0.675000
  -17.078  -17.074  -17.029  -16.991  -16.972  -16.888  -16.871  -16.858  -16.806  -16.799
   -3.412    2.173    4.753    6.735    9.505   11.631   11.815   12.739   14.997   17.233
   17.877   19.881
            0.409375  0.409375  0.681250
  -17.078  -17.074  -17.028  -16.991  -16.971  -16.888  -16.871  -16.858  -16.805  -16.798
   -3.388    2.133    4.709    6.715    9.519   11.665   11.858   12.719   14.997   17.285
   17.916   19.954
            0.406250  0.406250  0.687500
  -17.079  -17.075  -17.027  -16.991  -16.971  -16.889  -16.872  -16.859  -16.805  -16.798
   -3.364    2.091    4.669    6.695    9.530   11.698   11.898   12.706   15.000   17.319
   17.968   20.022
            0.403125  0.403125  0.693750
  -17.079  -17.075  -17.027  -16.990  -16.970  -16.889  -16.872  -16.860  -16.804  -16.798
   -3.339    2.047    4.632    6.675    9.536   11.730   11.936   12.702   15.007   17.336
   18.031   20.080
            0.400000  0.400000  0.700000
  -17.080  -17.075  -17.026  -16.990  -16.970  -16.890  -16.872  -16.861  -16.804  -16.798
   -3.313    2.000    4.600    6.654    9.539   11.761   11.967   12.708   15.018   17.338
   18.103   20.123
            0.396875  0.396875  0.706250
  -17.080  -17.075  -17.025  -16.990  -16.969  -16.890  -16.872  -16.862  -16.803  -16.797
   -3.286    1.951    4.572    6.633    9.538   11.792   11.991   12.727   15.033   17.327
   18.183   20.139
            0.393750  0.393750  0.712500
  -17.081  -17.075  -17.024  -16.989  -16.969  -16.891  -16.872  -16.863  -16.803  -16.797
   -3.259    1.899    4.548    6.612    9.535   11.821   12.006   12.758   15.053   17.306
   18.265   20.124
            0.390625  0.390625  0.718750
  -17.081  -17.075  -17.024  -16.989  -16.968  -16.891  -16.873  -16.863  -16.802  -16.797
   -3.231    1.846    4.527    6.591    9.529   11.849   12.011   12.803   15.077   17.278
   18.349   20.082
            0.387500  0.387500  0.725000
  -17.082  -17.075  -17.023  -16.988  -16.968  -16.892  -16.873  -16.864  -16.802  -16.797
   -3.203    1.791    4.509    6.569    9.521   11.875   12.008   12.860   15.105   17.244
   18.430   20.027
            0.384375  0.384375  0.731250
  -17.082  -17.075  -17.022  -16.988  -16.967  -16.892  -16.873  -16.865  -16.802  -16.797
   -3.175    1.735    4.496    6.548    9.511   11.900   11.998   12.928   15.138   17.205
   18.506   19.967
            0.381250  0.381250  0.737500
  -17.083  -17.075  -17.022  -16.988  -16.967  -16.892  -16.873  -16.866  -16.801  -16.797
   -3.146    1.677    4.485    6.527    9.499   11.923   11.983   13.004   15.175   17.162
   18.576   19.908
            0.378125  0.378125  0.743750
  -17.083  -17.075  -17.021  -16.987  -16.967  -16.892  -16.873  -16.867  -16.801  -16.796
   -3.117    1.618    4.477    6.506    9.485   11.944   11.963   13.087   15.217   17.116
   18.635   19.856
            0.375000  0.375000  0.750000
  -17.083  -17.075  -17.021  -16.987  -16.967  -16.893  -16.874  -16.867  -16.800  -16.796
   -3.087    1.558    4.473    6.485    9.471   11.940   11.964   13.177   15.263   17.069
   18.681   19.814
            0.500000  0.312500  0.687500
  -17.079  -17.075  -17.032  -16.984  -16.958  -16.912  -16.867  -16.853  -16.804  -16.798
   -3.220    1.917    4.754    5.974   10.156   10.366   12.206   13.433   15.816   17.748
   18.351   20.201
            0.625000  0.250000  0.625000
  -17.079  -17.071  -17.043  -16.975  -16.940  -16.936  -16.875  -16.840  -16.804  -16.801
   -3.017    1.645    5.075    5.403    8.843   10.056   13.615   14.169   16.349   18.628
   18.753   20.794
            0.621875  0.243750  0.621875
  -17.079  -17.071  -17.042  -16.974  -16.939  -16.937  -16.876  -16.841  -16.803  -16.800
   -2.969    1.565    5.026    5.384    8.850   10.058   13.633   14.212   16.481   18.659
   18.822   20.822
            0.618750  0.237500  0.618750
  -17.080  -17.072  -17.041  -16.972  -16.940  -16.937  -16.877  -16.842  -16.803  -16.800
   -2.921    1.486    4.977    5.366    8.857   10.062   13.652   14.253   16.615   18.683
   18.893   20.843
            0.615625  0.231250  0.615625
  -17.081  -17.072  -17.040  -16.971  -16.941  -16.936  -16.878  -16.843  -16.802  -16.799
   -2.873    1.408    4.928    5.349    8.863   10.070   13.670   14.292   16.748   18.700
   18.966   20.857
            0.612500  0.225000  0.612500
  -17.081  -17.072  -17.038  -16.970  -16.942  -16.935  -16.879  -16.844  -16.802  -16.798
   -2.823    1.330    4.879    5.332    8.868   10.081   13.688   14.329   16.882   18.710
   19.040   20.862
            0.609375  0.218750  0.609375
  -17.082  -17.073  -17.037  -16.969  -16.943  -16.934  -16.880  -16.845  -16.801  -16.797
   -2.774    1.252    4.831    5.317    8.872   10.096   13.707   14.365   17.015   18.711
   19.115   20.860
            0.606250  0.212500  0.606250
  -17.083  -17.073  -17.036  -16.968  -16.944  -16.932  -16.881  -16.847  -16.801  -16.797
   -2.724    1.176    4.782    5.302    8.875   10.114   13.726   14.398   17.148   18.705
   19.189   20.851
            0.603125  0.206250  0.603125
  -17.083  -17.073  -17.035  -16.967  -16.945  -16.931  -16.882  -16.848  -16.800  -16.796
   -2.673    1.100    4.733    5.289    8.878   10.136   13.745   14.430   17.279   18.691
   19.262   20.838
            0.600000  0.200000  0.600000
  -17.084  -17.074  -17.033  -16.965  -16.946  -16.930  -16.884  -16.849  -16.800  -16.795
   -2.622    1.025    4.685    5.276    8.879   10.162   13.764   14.461   17.408   18.669
   19.331   20.823
            0.596875  0.193750  0.596875
  -17.085  -17.074  -17.032  -16.964  -16.947  -16.929  -16.885  -16.850  -16.799  -16.795
   -2.571    0.951    4.637    5.264    8.880   10.191   13.783   14.490   17.533   18.641
   19.394   20.808
            0.593750  0.187500  0.593750
  -17.085  -17.074  -17.031  -16.963  -16.948  -16.928  -16.886  -16.852  -16.799  -16.794
   -2.519    0.878    4.589    5.253    8.880   10.223   13.803   14.517   17.652   18.609
   19.447   20.767
            0.590625  0.181250  0.590625
  -17.086  -17.074  -17.029  -16.962  -16.949  -16.927  -16.887  -16.853  -16.798  -16.793
   -2.467    0.806    4.542    5.243    8.879   10.259   13.823   14.542   17.760   18.577
   19.484   20.685
            0.587500  0.175000  0.587500
  -17.086  -17.075  -17.028  -16.961  -16.950  -16.926  -16.888  -16.854  -16.798  -16.793
   -2.415    0.735    4.495    5.234    8.878   10.298   13.844   14.566   17.850   18.554
   19.501   20.627
            0.584375  0.168750  0.584375
  -17.087  -17.075  -17.027  -16.959  -16.951  -16.926  -16.890  -16.856  -16.797  -16.792
   -2.363    0.665    4.449    5.226    8.877   10.340   13.864   14.589   17.911   18.551
   19.490   20.601
            0.581250  0.162500  0.581250
  -17.088  -17.075  -17.025  -16.958  -16.952  -16.925  -16.891  -16.857  -16.797  -16.792
   -2.310    0.596    4.403    5.219    8.875   10.385   13.885   14.610   17.932   18.580
   19.451   20.607
            0.578125  0.156250  0.578125
  -17.088  -17.075  -17.024  -16.957  -16.953  -16.924  -16.892  -16.858  -16.797  -16.791
   -2.258    0.528    4.358    5.213    8.873   10.433   13.907   14.630   17.910   18.643
   19.387   20.643
            0.575000  0.150000  0.575000
  -17.089  -17.076  -17.022  -16.956  -16.953  -16.923  -16.893  -16.859  -16.796  -16.790
   -2.206    0.462    4.313    5.207    8.871   10.483   13.928   14.648   17.855   18.732
   19.303   20.702
            0.571875  0.143750  0.571875
  -17.089  -17.076  -17.021  -16.955  -16.954  -16.923  -16.895  -16.860  -16.796  -16.790
   -2.154    0.397    4.269    5.203    8.868   10.536   13.950   14.665   17.778   18.836
   19.206   20.779
            0.568750  0.137500  0.568750
  -17.090  -17.076  -17.020  -16.955  -16.954  -16.922  -16.896  -16.862  -16.795  -16.789
   -2.102    0.333    4.226    5.199    8.867   10.591   13.972   14.680   17.686   18.948
   19.099   20.858
            0.565625  0.131250  0.565625
  -17.090  -17.076  -17.019  -16.955  -16.952  -16.922  -16.897  -16.863  -16.795  -16.789
   -2.051    0.271    4.184    5.196    8.865   10.648   13.995   14.694   17.584   18.987
   19.065   20.889
            0.562500  0.125000  0.562500
  -17.091  -17.077  -17.017  -16.956  -16.951  -16.921  -16.899  -16.864  -16.795  -16.788
   -2.000    0.210    4.142    5.195    8.863   10.708   14.017   14.706   17.474   18.871
   19.184   20.923
            0.559375  0.118750  0.559375
  -17.091  -17.077  -17.016  -16.956  -16.950  -16.921  -16.900  -16.865  -16.795  -16.788
   -1.951    0.152    4.102    5.194    8.862   10.770   14.040   14.717   17.359   18.753
   19.303   20.962
            0.556250  0.112500  0.556250
  -17.092  -17.077  -17.015  -16.956  -16.949  -16.921  -16.901  -16.866  -16.794  -16.787
   -1.902    0.095    4.062    5.194    8.862   10.833   14.063   14.726   17.240   18.635
   19.421   21.005
            0.553125  0.106250  0.553125
  -17.092  -17.077  -17.013  -16.957  -16.948  -16.921  -16.902  -16.867  -16.794  -16.787
   -1.854    0.041    4.024    5.195    8.862   10.899   14.086   14.734   17.118   18.517
   19.537   21.051
            0.550000  0.100000  0.550000
  -17.093  -17.077  -17.012  -16.957  -16.947  -16.920  -16.904  -16.868  -16.794  -16.787
   -1.808   -0.011    3.987    5.197    8.862   10.966   14.109   14.739   16.994   18.401
   19.650   21.101
            0.546875  0.093750  0.546875
  -17.093  -17.078  -17.011  -16.957  -16.945  -16.920  -16.905  -16.869  -16.793  -16.786
   -1.764   -0.060    3.951    5.200    8.863   11.035   14.132   14.743   16.868   18.286
   19.760   21.155
            0.543750  0.087500  0.543750
  -17.093  -17.078  -17.010  -16.957  -16.944  -16.921  -16.906  -16.869  -16.793  -16.786
   -1.722   -0.106    3.916    5.204    8.865   11.106   14.155   14.745   16.741   18.172
   19.867   21.211
            0.540625  0.081250  0.540625
  -17.094  -17.078  -17.009  -16.957  -16.943  -16.921  -16.907  -16.870  -16.793  -16.785
   -1.682   -0.149    3.882    5.208    8.868   11.178   14.178   14.745   16.614   18.062
   19.969   21.270
            0.537500  0.075000  0.537500
  -17.094  -17.078  -17.008  -16.957  -16.942  -16.921  -16.908  -16.871  -16.793  -16.785
   -1.645   -0.188    3.850    5.214    8.871   11.252   14.200   14.742   16.486   17.954
   20.067   21.332
            0.534375  0.068750  0.534375
  -17.095  -17.078  -17.007  -16.956  -16.941  -16.922  -16.909  -16.871  -16.793  -16.785
   -1.612   -0.223    3.819    5.220    8.875   11.327   14.222   14.737   16.359   17.849
   20.159   21.395
            0.531250  0.062500  0.531250
  -17.095  -17.078  -17.006  -16.956  -16.940  -16.922  -16.911  -16.872  -16.792  -16.785
   -1.582   -0.254    3.790    5.227    8.880   11.403   14.243   14.729   16.232   17.748
   20.246   21.460
            0.528125  0.056250  0.528125
  -17.095  -17.078  -17.005  -16.956  -16.939  -16.923  -16.912  -16.872  -16.792  -16.784
   -1.557   -0.279    3.762    5.235    8.885   11.481   14.263   14.718   16.107   17.651
   20.328   21.525
            0.525000  0.050000  0.525000
  -17.096  -17.078  -17.005  -16.955  -16.938  -16.923  -16.913  -16.873  -16.792  -16.784
   -1.537   -0.299    3.736    5.244    8.892   11.560   14.281   14.704   15.984   17.558
   20.404   21.589
            0.521875  0.043750  0.521875
  -17.096  -17.078  -17.004  -16.954  -16.938  -16.924  -16.913  -16.873  -16.792  -16.784
   -1.522   -0.314    3.712    5.254    8.899   11.640   14.297   14.687   15.864   17.470
   20.473   21.650
            0.518750  0.037500  0.518750
  -17.096  -17.079  -17.003  -16.953  -16.937  -16.925  -16.914  -16.873  -16.792  -16.784
   -1.512   -0.323    3.689    5.265    8.907   11.722   14.310   14.666   15.747   17.386
   20.537   21.707
            0.515625  0.031250  0.515625
  -17.096  -17.079  -17.003  -16.953  -16.936  -16.926  -16.915  -16.873  -16.792  -16.783
   -1.508   -0.325    3.669    5.276    8.916   11.804   14.319   14.641   15.635   17.308
   20.594   21.757
            0.512500  0.025000  0.512500
  -17.097  -17.079  -17.003  -16.952  -16.936  -16.927  -16.915  -16.873  -16.792  -16.783
   -1.510   -0.323    3.651    5.288    8.925   11.887   14.323   14.612   15.529   17.235
   20.644   21.797
            0.509375  0.018750  0.509375
  -17.097  -17.079  -17.002  -16.951  -16.936  -16.928  -16.916  -16.874  -16.792  -16.783
   -1.516   -0.314    3.634    5.301    8.936   11.971   14.320   14.579   15.432   17.168
   20.687   21.823
            0.506250  0.012500  0.506250
  -17.097  -17.079  -17.002  -16.949  -16.936  -16.930  -16.916  -16.874  -16.792  -16.783
   -1.528   -0.301    3.620    5.315    8.947   12.055   14.308   14.542   15.345   17.106
   20.722   21.831
            0.503125  0.006250  0.503125
  -17.097  -17.079  -17.002  -16.948  -16.936  -16.931  -16.916  -16.874  -16.792  -16.783
   -1.543   -0.284    3.608    5.330    8.959   12.141   14.285   14.501   15.271   17.050
   20.749   21.817
            0.500000  0.000000  0.500000
  -17.097  -17.079  -17.002  -16.947  -16.936  -16.932  -16.916  -16.873  -16.792  -16.783
   -1.563   -0.262    3.599    5.345    8.971   12.226   14.249   14.455   15.211   17.001
   20.765   21.782
