 &plot nbnd=  12, nks=   101 /
            0.500000  0.500000  0.500000
   -1.253    2.021    6.338    6.623   10.715   11.682   14.064   14.239   16.421   18.017
   21.254   22.642
            0.490000  0.490000  0.490000
   -1.239    1.760    6.467    6.732   10.789   11.732   13.897   14.182   16.692   18.175
   21.506   22.483
            0.480000  0.480000  0.480000
   -1.220    1.500    6.602    6.847   10.862   11.782   13.697   14.084   17.014   18.389
   21.744   22.329
            0.470000  0.470000  0.470000
   -1.195    1.242    6.743    6.970   10.937   11.831   13.478   13.953   17.371   18.649
   21.953   22.181
            0.460000  0.460000  0.460000
   -1.164    0.986    6.888    7.098   11.014   11.881   13.252   13.797   17.752   18.946
   22.037   22.113
            0.450000  0.450000  0.450000
   -1.128    0.734    7.039    7.231   11.094   11.933   13.023   13.623   18.149   19.271
   21.901   22.206
            0.440000  0.440000  0.440000
   -1.086    0.486    7.195    7.367   11.177   11.986   12.797   13.436   18.559   19.615
   21.773   22.233
            0.430000  0.430000  0.430000
   -1.039    0.241    7.357    7.507   11.264   12.040   12.578   13.241   18.979   19.968
   21.658   22.213
            0.420000  0.420000  0.420000
   -0.985    0.001    7.523    7.649   11.354   12.088   12.375   13.040   19.404   20.315
   21.568   22.166
            0.410000  0.410000  0.410000
   -0.926   -0.235    7.695    7.791   11.450   12.073   12.247   12.837   19.832   20.616
   21.537   22.109
            0.400000  0.400000  0.400000
   -0.862   -0.467    7.872    7.932   11.549   11.920   12.272   12.632   20.258   20.794
   21.638   22.054
            0.390000  0.390000  0.390000
   -0.792   -0.693    8.053    8.070   11.653   11.745   12.337   12.428   20.669   20.814
   21.901   22.015
            0.380000  0.380000  0.380000
   -0.914   -0.716    8.202    8.240   11.580   11.761   12.226   12.411   20.748   21.038
   22.023   22.245
            0.370000  0.370000  0.370000
   -1.131   -0.634    8.324    8.431   11.435   11.863   12.037   12.492   20.646   21.300
   22.143   22.603
            0.360000  0.360000  0.360000
   -1.342   -0.547    8.431    8.627   11.313   11.801   12.019   12.577   20.526   21.407
   22.423   22.912
            0.350000  0.350000  0.350000
   -1.548   -0.454    8.520    8.827   11.221   11.613   12.137   12.668   20.392   21.416
   22.806   23.051
            0.340000  0.340000  0.340000
   -1.748   -0.356    8.583    9.033   11.164   11.420   12.267   12.763   20.243   21.388
   22.925   23.228
            0.330000  0.330000  0.330000
   -1.944   -0.252    8.618    9.242   11.147   11.230   12.404   12.863   20.078   21.348
   22.658   23.664
            0.320000  0.320000  0.320000
   -2.133   -0.143    8.622    9.456   11.043   11.172   12.547   12.968   19.891   21.305
   22.362   24.103
            0.310000  0.310000  0.310000
   -2.317   -0.028    8.595    9.673   10.859   11.237   12.696   13.077   19.679   21.262
   22.079   24.536
            0.300000  0.300000  0.300000
   -2.496    0.092    8.542    9.895   10.679   11.339   12.852   13.191   19.439   21.222
   21.824   24.955
            0.290000  0.290000  0.290000
   -2.669    0.217    8.468   10.119   10.503   11.473   13.013   13.310   19.170   21.186
   21.605   25.351
            0.280000  0.280000  0.280000
   -2.836    0.348    8.377   10.307   10.371   11.633   13.180   13.432   18.874   21.154
   21.421   25.705
            0.270000  0.270000  0.270000
   -2.997    0.484    8.275   10.156   10.586   11.815   13.352   13.560   18.555   21.128
   21.270   25.988
            0.260000  0.260000  0.260000
   -3.153    0.625    8.166    9.991   10.822   12.014   13.530   13.692   18.219   21.107
   21.148   26.158
            0.250000  0.250000  0.250000
   -3.303    0.772    8.053    9.829   11.061   12.227   13.714   13.827   17.872   21.050
   21.091   26.162
            0.240000  0.240000  0.240000
   -3.447    0.923    7.937    9.670   11.304   12.452   13.903   13.967   17.517   20.973
   21.081   26.034
            0.230000  0.230000  0.230000
   -3.586    1.079    7.821    9.515   11.549   12.686   14.097   14.111   17.159   20.913
   21.077   25.876
            0.220000  0.220000  0.220000
   -3.719    1.240    7.706    9.362   11.797   12.929   14.259   14.295   16.800   20.869
   21.080   25.701
            0.210000  0.210000  0.210000
   -3.846    1.406    7.593    9.212   12.048   13.177   14.410   14.497   16.445   20.837
   21.088   25.514
            0.200000  0.200000  0.200000
   -3.967    1.577    7.484    9.064   12.301   13.432   14.564   14.702   16.095   20.817
   21.102   25.318
            0.190000  0.190000  0.190000
   -4.082    1.751    7.377    8.919   12.555   13.690   14.722   14.907   15.755   20.808
   21.123   25.099
            0.180000  0.180000  0.180000
   -4.191    1.931    7.275    8.775   12.811   13.951   14.882   15.096   15.441   20.808
   21.150   24.881
            0.170000  0.170000  0.170000
   -4.295    2.114    7.176    8.633   13.068   14.215   15.037   15.044   15.387   20.817
   21.184   24.665
            0.160000  0.160000  0.160000
   -4.392    2.301    7.083    8.491   13.324   14.479   14.744   15.209   15.579   20.835
   21.223   24.453
            0.150000  0.150000  0.150000
   -4.484    2.491    6.994    8.350   13.574   14.452   14.743   15.375   15.789   20.860
   21.269   24.247
            0.140000  0.140000  0.140000
   -4.570    2.685    6.911    8.209   13.791   14.204   15.005   15.541   15.999   20.893
   21.320   24.048
            0.130000  0.130000  0.130000
   -4.650    2.882    6.832    8.067   13.773   14.204   15.264   15.708   16.207   20.931
   21.377   23.850
            0.120000  0.120000  0.120000
   -4.724    3.081    6.759    7.924   13.546   14.426   15.517   15.875   16.408   20.973
   21.438   23.622
            0.110000  0.110000  0.110000
   -4.792    3.282    6.692    7.779   13.306   14.679   15.763   16.041   16.602   21.017
   21.501   23.395
            0.100000  0.100000  0.100000
   -4.854    3.485    6.630    7.632   13.076   14.936   15.997   16.206   16.784   21.058
   21.564   23.180
            0.090000  0.090000  0.090000
   -4.910    3.688    6.574    7.482   12.863   15.194   16.216   16.372   16.951   21.090
   21.623   22.988
            0.080000  0.080000  0.080000
   -4.960    3.891    6.524    7.330   12.669   15.450   16.410   16.543   17.100   21.104
   21.672   22.834
            0.070000  0.070000  0.070000
   -5.005    4.092    6.479    7.176   12.494   15.703   16.577   16.717   17.225   21.094
   21.705   22.728
            0.060000  0.060000  0.060000
   -5.043    4.290    6.440    7.021   12.341   15.950   16.719   16.887   17.324   21.054
   21.717   22.676
            0.050000  0.050000  0.050000
   -5.076    4.482    6.408    6.866   12.209   16.190   16.841   17.041   17.390   20.989
   21.708   22.671
            0.040000  0.040000  0.040000
   -5.103    4.664    6.381    6.715   12.101   16.419   16.944   17.175   17.422   20.913
   21.684   22.696
            0.030000  0.030000  0.030000
   -5.123    4.830    6.360    6.573   12.016   16.635   17.027   17.283   17.415   20.838
   21.654   22.729
            0.020000  0.020000  0.020000
   -5.138    4.970    6.345    6.451   11.955   16.834   17.088   17.362   17.370   20.777
   21.626   22.753
            0.010000  0.010000  0.010000
   -5.147    5.067    6.336    6.365   11.919   17.011   17.126   17.287   17.410   20.737
   21.606   22.765
            0.000000  0.000000  0.000000
   -5.150    5.103    6.333    6.333   11.907   17.138   17.139   17.190   17.427   20.723
   21.599   22.769
            0.020000  0.000000  0.000000
   -5.146    5.033    6.318    6.411   11.929   16.935   17.142   17.331   17.422   20.753
   21.592   22.732
            0.040000  0.000000  0.000000
   -5.134    4.858    6.275    6.609   11.995   16.647   17.154   17.410   17.436   20.837
   21.572   22.639
            0.060000  0.000000  0.000000
   -5.115    4.635    6.206    6.873   12.104   16.305   17.173   17.389   17.491   20.958
   21.544   22.520
            0.080000  0.000000  0.000000
   -5.087    4.392    6.113    7.171   12.252   15.921   17.199   17.359   17.507   21.099
   21.515   22.396
            0.100000  0.000000  0.000000
   -5.051    4.143    6.000    7.492   12.435   15.503   17.234   17.322   17.492   21.241
   21.492   22.277
            0.120000  0.000000  0.000000
   -5.008    3.894    5.871    7.828   12.650   15.062   17.275   17.276   17.453   21.351
   21.505   22.169
            0.140000  0.000000  0.000000
   -4.957    3.648    5.729    8.177   12.893   14.603   17.222   17.325   17.394   21.385
   21.596   22.075
            0.160000  0.000000  0.000000
   -4.898    3.407    5.578    8.536   13.161   14.133   17.161   17.320   17.381   21.389
   21.721   21.997
            0.180000  0.000000  0.000000
   -4.831    3.172    5.420    8.905   13.452   13.655   17.093   17.233   17.445   21.395
   21.850   21.935
            0.200000  0.000000  0.000000
   -4.756    2.944    5.257    9.282   13.172   13.762   17.019   17.136   17.517   21.411
   21.890   21.976
            0.220000  0.000000  0.000000
   -4.673    2.722    5.093    9.668   12.688   14.091   16.939   17.032   17.595   21.438
   21.863   22.101
            0.240000  0.000000  0.000000
   -4.583    2.508    4.927   10.061   12.203   14.435   16.855   16.922   17.681   21.477
   21.852   22.226
            0.260000  0.000000  0.000000
   -4.485    2.302    4.762   10.461   11.719   14.794   16.767   16.808   17.773   21.527
   21.857   22.351
            0.280000  0.000000  0.000000
   -4.379    2.102    4.599   10.867   11.237   15.167   16.677   16.692   17.873   21.588
   21.877   22.479
            0.300000  0.000000  0.000000
   -4.265    1.911    4.439   10.760   11.280   15.552   16.573   16.587   17.979   21.661
   21.913   22.608
            0.320000  0.000000  0.000000
   -4.143    1.728    4.282   10.286   11.697   15.949   16.455   16.496   18.091   21.743
   21.962   22.742
            0.340000  0.000000  0.000000
   -4.014    1.552    4.129    9.817   12.119   16.337   16.357   16.407   18.209   21.836
   22.025   22.879
            0.360000  0.000000  0.000000
   -3.878    1.384    3.981    9.354   12.543   16.221   16.323   16.775   18.334   21.937
   22.100   23.021
            0.380000  0.000000  0.000000
   -3.733    1.224    3.838    8.897   12.968   16.107   16.244   17.203   18.464   22.048
   22.187   23.168
            0.400000  0.000000  0.000000
   -3.582    1.072    3.701    8.446   13.390   15.997   16.176   17.640   18.600   22.167
   22.285   23.319
            0.420000  0.000000  0.000000
   -3.423    0.928    3.569    8.003   13.803   15.889   16.123   18.086   18.740   22.294
   22.394   23.476
            0.440000  0.000000  0.000000
   -3.257    0.792    3.444    7.566   14.197   15.786   16.097   18.540   18.885   22.427
   22.512   23.639
            0.460000  0.000000  0.000000
   -3.084    0.663    3.325    7.138   14.552   15.687   16.118   19.002   19.034   22.568
   22.639   23.807
            0.480000  0.000000  0.000000
   -2.904    0.543    3.213    6.717   14.835   15.593   16.217   19.186   19.472   22.714
   22.773   23.980
            0.500000  0.000000  0.000000
   -2.717    0.431    3.107    6.306   15.017   15.504   16.425   19.341   19.949   22.866
   22.916   24.159
            0.520000  0.000000  0.000000
   -2.524    0.326    3.009    5.903   15.102   15.421   16.733   19.497   20.432   23.022
   23.064   24.342
            0.540000  0.000000  0.000000
   -2.326    0.230    2.917    5.510   15.127   15.343   17.107   19.654   20.921   23.182
   23.217   24.532
            0.560000  0.000000  0.000000
   -2.122    0.141    2.833    5.128   15.119   15.271   17.516   19.810   21.416   23.344
   23.375   24.725
            0.580000  0.000000  0.000000
   -1.914    0.061    2.756    4.757   15.096   15.205   17.941   19.964   21.917   23.507
   23.534   24.924
            0.600000  0.000000  0.000000
   -1.703   -0.012    2.686    4.398   15.066   15.145   18.371   20.115   22.421   23.669
   23.694   25.126
            0.620000  0.000000  0.000000
   -1.490   -0.076    2.624    4.054   15.034   15.091   18.797   20.260   22.929   23.829
   23.853   25.332
            0.640000  0.000000  0.000000
   -1.278   -0.133    2.569    3.726   15.003   15.043   19.212   20.396   23.439   23.982
   24.006   25.539
            0.660000  0.000000  0.000000
   -1.069   -0.182    2.522    3.418   14.975   15.002   19.607   20.522   23.950   24.127
   24.150   25.748
            0.680000  0.000000  0.000000
   -0.868   -0.223    2.482    3.134   14.950   14.968   19.972   20.635   24.260   24.281
   24.461   25.955
            0.700000  0.000000  0.000000
   -0.682   -0.256    2.450    2.881   14.929   14.940   20.296   20.731   24.376   24.393
   24.968   26.157
            0.720000  0.000000  0.000000
   -0.521   -0.281    2.426    2.668   14.913   14.919   20.565   20.807   24.470   24.482
   25.468   26.345
            0.740000  0.000000  0.000000
   -0.397   -0.298    2.409    2.509   14.902   14.904   20.763   20.861   24.538   24.544
   25.956   26.507
            0.760000  0.000000  0.000000
   -0.324   -0.307    2.400    2.417   14.896   14.897   20.875   20.891   24.576   24.577
   26.418   26.614
            0.780000  0.000000  0.000000
   -0.313   -0.309    2.399    2.403   14.895   14.895   20.892   20.896   24.582   24.582
   26.557   26.631
            0.800000  0.000000  0.000000
   -0.366   -0.302    2.405    2.469   14.899   14.901   20.811   20.874   24.554   24.558
   26.116   26.551
            0.820000  0.000000  0.000000
   -0.474   -0.288    2.419    2.608   14.909   14.913   20.641   20.828   24.496   24.506
   25.634   26.404
            0.840000  0.000000  0.000000
   -0.625   -0.265    2.441    2.804   14.923   14.932   20.394   20.759   24.410   24.426
   25.138   26.222
            0.860000  0.000000  0.000000
   -0.804   -0.235    2.471    3.045   14.942   14.958   20.087   20.669   24.301   24.321
   24.632   26.024
            0.880000  0.000000  0.000000
   -1.000   -0.197    2.508    3.319   14.966   14.990   19.734   20.562   24.122   24.174
   24.196   25.818
            0.900000  0.000000  0.000000
   -1.207   -0.151    2.552    3.620   14.993   15.029   19.348   20.440   23.611   24.032
   24.055   25.610
            0.920000  0.000000  0.000000
   -1.418   -0.096    2.605    3.942   15.023   15.074   18.939   20.307   23.100   23.881
   23.905   25.401
            0.940000  0.000000  0.000000
   -1.632   -0.034    2.664    4.281   15.055   15.126   18.516   20.164   22.592   23.723
   23.748   25.195
            0.960000  0.000000  0.000000
   -1.843    0.035    2.731    4.635   15.086   15.184   18.086   20.016   22.086   23.562
   23.588   24.992
            0.980000  0.000000  0.000000
   -2.053    0.113    2.806    5.002   15.112   15.248   17.658   19.862   21.584   23.399
   23.428   24.792
            1.000000  0.000000  0.000000
   -2.258    0.199    2.888    5.380   15.127   15.318   17.242   19.707   21.088   23.237
   23.270   24.596
